3	1
1	2
45	3
88	4
3	5
76	6
124	7
10	8
21	9
19	10
3	11
101	12
3	13
165	14
60	15
2	16
2	17
28	18
33	19
3	20
23	21
42	22
77	23
17	24
7	25
266	26
319	27
395	28
35	29
2	30
23	31
15	32
29	33
23	34
128	35
2	36
108	37
27	38
123	39
15	40
20	41
25	42
1	43
51	44
88	45
4	46
31	47
576	48
5	49
53	50
24	51
35	52
43	53
248	54
21	55
2	56
1	57
403	58
25	59
3	60
15	61
21	62
7	63
63	64
176	65
79	66
12	67
10	68
6	69
10	70
35	71
159	72
132	73
70	74
18	75
1	76
28	77
15	78
33	79
22	80
98	81
53	82
7	83
20	84
45	85
11	86
62	87
190	88
23	89
51	90
5	91
111	92
159	93
2	94
144	95
1	96
58	97
68	98
596	99
22	100
23	101
217	102
72	103
142	104
170	105
32	106
208	107
8	108
99	109
75	110
45	111
198	112
6	113
19	114
73	115
4	116
49	117
89	118
51	119
10	120
239	121
8	122
313	123
77	124
19	125
187	126
7	127
74	128
6	129
240	130
233	131
23	132
306	133
2	134
145	135
289	136
1	137
37	138
27	139
52	140
218	141
5	142
8	143
59	144
6	145
10	146
7	147
2	148
18	149
50	150
62	151
28	152
148	153
97	154
246	155
136	156
1	157
31	158
50	159
60	160
8	161
60	162
36	163
7	164
102	165
584	166
36	167
38	168
15	169
26	170
5	171
31	172
100	173
5	174
1	175
25	176
24	177
2	178
453	179
144	180
4	181
1	182
127	183
1	184
21	185
12	186
46	187
6	188
57	189
157	190
10	191
43	192
21	193
60	194
217	195
146	196
89	197
28	198
3	199
57	200
181	201
136	202
17	203
21	204
75	205
1	206
28	207
11	208
5	209
13	210
9	211
18	212
102	213
22	214
209	215
37	216
9	217
5	218
264	219
37	220
145	221
25	222
5	223
13	224
2	225
28	226
6	227
2	228
22	229
1	230
114	231
3	232
197	233
9	234
29	235
159	236
113	237
7	238
124	239
58	240
13	241
147	242
4	243
74	244
1	245
37	246
113	247
2	248
6	249
1	250
1	251
150	252
52	253
134	254
319	255
16	256
8	257
417	258
107	259
299	260
2	261
14	262
193	263
288	264
16	265
219	266
15	267
10	268
10	269
11	270
74	271
26	272
143	273
279	274
5	275
21	276
64	277
120	278
53	279
16	280
2	281
616	282
63	283
173	284
16	285
41	286
9	287
146	288
1	289
3	290
5	291
66	292
11	293
35	294
36	295
245	296
2	297
80	298
133	299
49	300
95	301
13	302
27	303
25	304
96	305
14	306
17	307
1	308
4	309
9	310
1	311
465	312
17	313
6	314
179	315
97	316
67	317
2	318
7	319
3	320
177	321
23	322
22	323
4	324
20	325
48	326
62	327
2	328
26	329
7	330
144	331
323	332
18	333
1	334
149	335
47	336
5	337
298	338
2	339
38	340
49	341
4	342
333	343
2	344
6	345
3	346
6	347
22	348
241	349
230	350
17	351
228	352
100	353
38	354
1	355
54	356
19	357
31	358
46	359
2	360
28	361
38	362
179	363
204	364
254	365
31	366
65	367
6	368
17	369
78	370
46	371
7	372
15	373
13	374
15	375
2	376
136	377
1	378
309	379
21	380
2	381
7	382
54	383
433	384
136	385
18	386
80	387
3	388
53	389
1	390
6	391
14	392
1	393
2	394
192	395
49	396
85	397
311	398
17	399
7	400
95	401
7	402
8	403
74	404
10	405
7	406
67	407
75	408
1	409
2	410
1	411
61	412
9	413
67	414
13	415
60	416
66	417
401	418
127	419
26	420
80	421
11	422
274	423
16	424
30	425
21	426
122	427
88	428
3	429
90	430
1	431
43	432
219	433
236	434
22	435
21	436
2	437
9	438
101	439
68	440
152	441
116	442
3	443
290	444
11	445
7	446
88	447
186	448
176	449
6	450
86	451
27	452
83	453
1	454
135	455
66	456
1	457
94	458
7	459
21	460
29	461
1	462
52	463
2	464
21	465
4	466
2	467
46	468
54	469
1	470
165	471
21	472
4	473
39	474
32	475
11	476
49	477
25	478
25	479
27	480
20	481
30	482
14	483
125	484
88	485
20	486
2	487
190	488
137	489
6	490
294	491
30	492
47	493
126	494
207	495
1	496
234	497
5	498
32	499
15	500
2	501
3	502
31	503
137	504
13	505
10	506
28	507
72	508
8	509
80	510
21	511
1	512
78	513
241	514
28	515
293	516
25	517
147	518
6	519
71	520
56	521
5	522
3	523
7	524
259	525
104	526
95	527
25	528
18	529
2	530
13	531
43	532
3	533
14	534
37	535
3	536
93	537
22	538
12	539
530	540
19	541
6	542
8	543
8	544
298	545
152	546
97	547
252	548
75	549
136	550
19	551
5	552
72	553
499	554
169	555
69	556
57	557
322	558
91	559
71	560
105	561
29	562
41	563
9	564
110	565
255	566
15	567
7	568
5	569
439	570
73	571
305	572
46	573
7	574
70	575
116	576
22	577
27	578
3	579
17	580
3	581
13	582
32	583
1	584
582	585
3	586
482	587
68	588
9	589
1	590
208	591
118	592
108	593
7	594
74	595
247	596
59	597
1	598
49	599
76	600
20	601
5	602
333	603
1	604
13	605
73	606
77	607
95	608
3	609
18	610
13	611
9	612
22	613
404	614
156	615
97	616
10	617
42	618
11	619
87	620
29	621
15	622
290	623
15	624
6	625
10	626
52	627
33	628
254	629
607	630
2	631
142	632
25	633
25	634
157	635
6	636
76	637
10	638
10	639
22	640
4	641
2	642
43	643
4	644
92	645
1	646
22	647
67	648
11	649
25	650
4	651
82	652
5	653
33	654
99	655
6	656
86	657
26	658
19	659
49	660
33	661
2	662
22	663
87	664
1	665
3	666
94	667
312	668
14	669
147	670
175	671
12	672
37	673
8	674
14	675
113	676
35	677
135	678
80	679
16	680
98	681
5	682
40	683
1	684
25	685
98	686
28	687
229	688
21	689
25	690
16	691
30	692
349	693
3	694
73	695
6	696
55	697
10	698
29	699
28	700
48	701
17	702
3	703
17	704
26	705
181	706
167	707
35	708
88	709
143	710
223	711
2	712
24	713
1	714
46	715
78	716
390	717
73	718
12	719
40	720
26	721
29	722
20	723
7	724
94	725
420	726
574	727
43	728
36	729
25	730
42	731
379	732
3	733
79	734
106	735
48	736
110	737
1	738
22	739
10	740
5	741
137	742
5	743
12	744
16	745
99	746
2	747
4	748
10	749
45	750
25	751
30	752
7	753
116	754
53	755
2	756
9	757
156	758
66	759
1	760
171	761
141	762
13	763
1	764
83	765
51	766
27	767
122	768
44	769
1	770
10	771
287	772
20	773
21	774
30	775
7	776
31	777
13	778
4	779
244	780
22	781
8	782
96	783
20	784
40	785
10	786
193	787
24	788
164	789
287	790
610	791
11	792
1	793
6	794
6	795
25	796
5	797
105	798
17	799
32	800
39	801
2	802
107	803
48	804
123	805
53	806
6	807
23	808
95	809
60	810
149	811
215	812
100	813
26	814
74	815
83	816
7	817
12	818
42	819
376	820
2	821
39	822
38	823
39	824
34	825
160	826
237	827
42	828
210	829
2	830
2	831
90	832
52	833
32	834
2	835
326	836
25	837
38	838
65	839
334	840
99	841
55	842
33	843
170	844
56	845
12	846
12	847
581	848
38	849
95	850
71	851
56	852
158	853
10	854
2	855
6	856
78	857
28	858
3	859
70	860
15	861
2	862
3	863
237	864
5	865
46	866
129	867
274	868
124	869
567	870
37	871
23	872
192	873
5	874
59	875
103	876
80	877
12	878
158	879
34	880
19	881
605	882
2	883
71	884
3	885
3	886
21	887
40	888
26	889
55	890
26	891
173	892
419	893
2	894
65	895
1	896
13	897
31	898
9	899
32	900
13	901
2	902
3	903
26	904
20	905
48	906
3	907
38	908
242	909
150	910
2	911
12	912
47	913
73	914
96	915
55	916
47	917
11	918
34	919
18	920
45	921
15	922
132	923
28	924
119	925
13	926
153	927
14	928
7	929
26	930
232	931
13	932
167	933
1	934
5	935
525	936
55	937
20	938
171	939
8	940
189	941
4	942
7	943
6	944
225	945
33	946
527	947
152	948
5	949
26	950
575	951
18	952
6	953
35	954
166	955
214	956
16	957
102	958
33	959
14	960
8	961
7	962
65	963
4	964
3	965
16	966
141	967
1	968
11	969
92	970
25	971
117	972
19	973
49	974
51	975
70	976
15	977
11	978
134	979
2	980
24	981
1	982
24	983
356	984
11	985
3	986
96	987
209	988
10	989
83	990
39	991
320	992
15	993
59	994
45	995
3	996
125	997
5	998
3	999
80	1000
103	1001
46	1002
136	1003
135	1004
181	1005
28	1006
37	1007
10	1008
19	1009
97	1010
26	1011
15	1012
155	1013
3	1014
66	1015
100	1016
3	1017
314	1018
4	1019
560	1020
2	1021
63	1022
9	1023
337	1024
14	1025
7	1026
354	1027
20	1028
5	1029
65	1030
331	1031
1	1032
2	1033
45	1034
7	1035
84	1036
4	1037
107	1038
34	1039
488	1040
178	1041
63	1042
1	1043
219	1044
10	1045
47	1046
1	1047
35	1048
319	1049
44	1050
1	1051
19	1052
7	1053
58	1054
3	1055
75	1056
13	1057
1	1058
573	1059
1	1060
606	1061
88	1062
46	1063
31	1064
8	1065
122	1066
53	1067
2	1068
8	1069
21	1070
49	1071
2	1072
64	1073
140	1074
5	1075
39	1076
58	1077
48	1078
38	1079
258	1080
112	1081
320	1082
4	1083
35	1084
221	1085
99	1086
3	1087
157	1088
5	1089
22	1090
1	1091
162	1092
121	1093
25	1094
50	1095
6	1096
165	1097
90	1098
42	1099
6	1100
131	1101
5	1102
207	1103
162	1104
40	1105
425	1106
71	1107
159	1108
5	1109
135	1110
1	1111
301	1112
71	1113
24	1114
277	1115
17	1116
6	1117
94	1118
249	1119
90	1120
49	1121
24	1122
3	1123
38	1124
18	1125
211	1126
139	1127
28	1128
53	1129
14	1130
29	1131
21	1132
107	1133
6	1134
2	1135
104	1136
56	1137
4	1138
83	1139
25	1140
37	1141
2	1142
247	1143
36	1144
5	1145
177	1146
83	1147
14	1148
116	1149
23	1150
14	1151
4	1152
1	1153
51	1154
4	1155
22	1156
18	1157
44	1158
37	1159
70	1160
88	1161
7	1162
414	1163
52	1164
94	1165
80	1166
12	1167
5	1168
11	1169
6	1170
1	1171
4	1172
2	1173
116	1174
21	1175
161	1176
282	1177
87	1178
518	1179
53	1180
36	1181
4	1182
29	1183
11	1184
204	1185
218	1186
9	1187
17	1188
41	1189
153	1190
2	1191
31	1192
4	1193
161	1194
30	1195
233	1196
22	1197
14	1198
99	1199
20	1200
98	1201
2	1202
69	1203
1	1204
7	1205
3	1206
21	1207
52	1208
9	1209
357	1210
98	1211
44	1212
2	1213
38	1214
60	1215
6	1216
3	1217
1	1218
3	1219
23	1220
147	1221
58	1222
7	1223
175	1224
124	1225
6	1226
78	1227
54	1228
2	1229
103	1230
474	1231
66	1232
38	1233
60	1234
41	1235
94	1236
32	1237
7	1238
4	1239
32	1240
1	1241
8	1242
40	1243
35	1244
53	1245
113	1246
5	1247
89	1248
224	1249
13	1250
2	1251
9	1252
38	1253
9	1254
27	1255
253	1256
2	1257
4	1258
99	1259
384	1260
409	1261
73	1262
43	1263
36	1264
1	1265
45	1266
18	1267
26	1268
228	1269
129	1270
1	1271
154	1272
264	1273
52	1274
192	1275
9	1276
85	1277
86	1278
130	1279
15	1280
253	1281
25	1282
145	1283
8	1284
571	1285
91	1286
3	1287
8	1288
134	1289
32	1290
6	1291
30	1292
4	1293
17	1294
107	1295
102	1296
226	1297
153	1298
18	1299
472	1300
36	1301
20	1302
191	1303
229	1304
1	1305
126	1306
49	1307
89	1308
444	1309
23	1310
34	1311
224	1312
56	1313
18	1314
20	1315
96	1316
18	1317
48	1318
196	1319
12	1320
129	1321
284	1322
378	1323
69	1324
16	1325
53	1326
526	1327
40	1328
18	1329
83	1330
15	1331
71	1332
140	1333
327	1334
73	1335
133	1336
70	1337
51	1338
142	1339
68	1340
12	1341
102	1342
82	1343
22	1344
278	1345
1	1346
22	1347
151	1348
103	1349
53	1350
53	1351
30	1352
21	1353
2	1354
10	1355
325	1356
21	1357
5	1358
8	1359
13	1360
23	1361
70	1362
13	1363
1	1364
1	1365
16	1366
26	1367
4	1368
74	1369
337	1370
256	1371
61	1372
92	1373
94	1374
350	1375
1	1376
466	1377
7	1378
56	1379
4	1380
310	1381
138	1382
11	1383
23	1384
1	1385
9	1386
36	1387
113	1388
20	1389
8	1390
203	1391
42	1392
1	1393
12	1394
76	1395
21	1396
20	1397
90	1398
55	1399
1	1400
1	1401
585	1402
490	1403
10	1404
73	1405
233	1406
343	1407
9	1408
17	1409
7	1410
16	1411
123	1412
9	1413
39	1414
13	1415
211	1416
50	1417
5	1418
409	1419
12	1420
5	1421
19	1422
15	1423
37	1424
322	1425
72	1426
10	1427
251	1428
5	1429
18	1430
1	1431
31	1432
164	1433
1	1434
81	1435
15	1436
600	1437
7	1438
89	1439
26	1440
352	1441
28	1442
1	1443
26	1444
84	1445
12	1446
29	1447
27	1448
135	1449
45	1450
99	1451
1	1452
5	1453
8	1454
11	1455
2	1456
19	1457
52	1458
5	1459
234	1460
29	1461
267	1462
74	1463
3	1464
90	1465
32	1466
58	1467
177	1468
59	1469
38	1470
14	1471
42	1472
2	1473
53	1474
149	1475
9	1476
231	1477
2	1478
36	1479
14	1480
47	1481
1	1482
5	1483
2	1484
6	1485
98	1486
7	1487
97	1488
63	1489
15	1490
7	1491
15	1492
2	1493
247	1494
89	1495
4	1496
88	1497
158	1498
3	1499
64	1500
104	1501
56	1502
62	1503
10	1504
244	1505
11	1506
42	1507
59	1508
106	1509
4	1510
22	1511
14	1512
9	1513
66	1514
7	1515
2	1516
3	1517
1	1518
140	1519
8	1520
68	1521
118	1522
52	1523
45	1524
7	1525
50	1526
18	1527
250	1528
2	1529
31	1530
31	1531
1	1532
11	1533
72	1534
15	1535
101	1536
4	1537
19	1538
6	1539
315	1540
291	1541
30	1542
155	1543
598	1544
30	1545
115	1546
2	1547
30	1548
2	1549
5	1550
331	1551
4	1552
2	1553
236	1554
34	1555
5	1556
155	1557
36	1558
11	1559
2	1560
149	1561
33	1562
21	1563
326	1564
30	1565
2	1566
21	1567
2	1568
20	1569
1	1570
295	1571
292	1572
6	1573
130	1574
52	1575
2	1576
331	1577
9	1578
31	1579
50	1580
74	1581
2	1582
59	1583
2	1584
528	1585
7	1586
16	1587
3	1588
1	1589
2	1590
123	1591
33	1592
75	1593
99	1594
289	1595
48	1596
5	1597
26	1598
4	1599
41	1600
22	1601
3	1602
2	1603
10	1604
316	1605
6	1606
23	1607
36	1608
22	1609
42	1610
106	1611
8	1612
10	1613
93	1614
2	1615
16	1616
60	1617
70	1618
110	1619
28	1620
54	1621
2	1622
295	1623
8	1624
19	1625
70	1626
55	1627
85	1628
418	1629
80	1630
1	1631
142	1632
102	1633
2	1634
564	1635
187	1636
29	1637
61	1638
107	1639
12	1640
92	1641
10	1642
197	1643
2	1644
135	1645
64	1646
9	1647
87	1648
3	1649
52	1650
2	1651
317	1652
7	1653
148	1654
3	1655
3	1656
2	1657
32	1658
1	1659
188	1660
114	1661
163	1662
126	1663
46	1664
18	1665
10	1666
8	1667
12	1668
6	1669
15	1670
35	1671
126	1672
14	1673
169	1674
36	1675
1	1676
23	1677
17	1678
4	1679
3	1680
317	1681
37	1682
4	1683
24	1684
72	1685
1	1686
30	1687
57	1688
4	1689
154	1690
16	1691
1	1692
138	1693
95	1694
10	1695
330	1696
125	1697
1	1698
9	1699
90	1700
5	1701
6	1702
63	1703
69	1704
6	1705
4	1706
4	1707
47	1708
32	1709
6	1710
3	1711
6	1712
76	1713
18	1714
73	1715
3	1716
3	1717
16	1718
1	1719
70	1720
138	1721
12	1722
1	1723
3	1724
194	1725
1	1726
37	1727
1	1728
10	1729
269	1730
101	1731
140	1732
172	1733
259	1734
30	1735
79	1736
24	1737
1	1738
36	1739
37	1740
37	1741
63	1742
25	1743
71	1744
3	1745
16	1746
14	1747
2	1748
30	1749
98	1750
2	1751
6	1752
493	1753
59	1754
149	1755
24	1756
5	1757
3	1758
39	1759
75	1760
21	1761
2	1762
40	1763
3	1764
83	1765
20	1766
80	1767
31	1768
8	1769
155	1770
17	1771
15	1772
13	1773
21	1774
153	1775
25	1776
11	1777
255	1778
45	1779
64	1780
9	1781
5	1782
459	1783
29	1784
2	1785
2	1786
131	1787
29	1788
7	1789
4	1790
14	1791
5	1792
3	1793
183	1794
226	1795
83	1796
5	1797
195	1798
3	1799
14	1800
3	1801
22	1802
96	1803
55	1804
12	1805
111	1806
65	1807
26	1808
6	1809
34	1810
81	1811
126	1812
52	1813
75	1814
71	1815
108	1816
100	1817
4	1818
77	1819
15	1820
5	1821
38	1822
21	1823
92	1824
38	1825
8	1826
36	1827
31	1828
63	1829
13	1830
36	1831
43	1832
1	1833
2	1834
45	1835
42	1836
7	1837
13	1838
9	1839
3	1840
134	1841
141	1842
150	1843
16	1844
40	1845
209	1846
249	1847
238	1848
42	1849
122	1850
105	1851
105	1852
333	1853
27	1854
163	1855
110	1856
118	1857
85	1858
1	1859
24	1860
18	1861
2	1862
2	1863
1	1864
10	1865
263	1866
1	1867
66	1868
141	1869
14	1870
131	1871
79	1872
172	1873
162	1874
62	1875
221	1876
1	1877
81	1878
14	1879
51	1880
120	1881
3	1882
115	1883
114	1884
91	1885
91	1886
346	1887
177	1888
112	1889
1	1890
109	1891
35	1892
8	1893
19	1894
61	1895
3	1896
15	1897
429	1898
183	1899
23	1900
127	1901
21	1902
62	1903
181	1904
145	1905
18	1906
33	1907
117	1908
114	1909
93	1910
2	1911
118	1912
29	1913
41	1914
14	1915
291	1916
1	1917
16	1918
103	1919
53	1920
38	1921
9	1922
76	1923
65	1924
27	1925
219	1926
200	1927
46	1928
71	1929
13	1930
66	1931
2	1932
340	1933
25	1934
307	1935
240	1936
105	1937
42	1938
4	1939
6	1940
4	1941
266	1942
11	1943
257	1944
160	1945
54	1946
1	1947
34	1948
26	1949
6	1950
3	1951
156	1952
2	1953
19	1954
1	1955
8	1956
344	1957
1	1958
35	1959
106	1960
42	1961
326	1962
330	1963
63	1964
97	1965
97	1966
3	1967
90	1968
27	1969
12	1970
93	1971
50	1972
168	1973
101	1974
1	1975
98	1976
180	1977
1	1978
20	1979
16	1980
38	1981
7	1982
27	1983
112	1984
20	1985
4	1986
55	1987
40	1988
193	1989
15	1990
198	1991
50	1992
2	1993
46	1994
37	1995
1	1996
29	1997
79	1998
11	1999
5	2000
20	2001
62	2002
5	2003
205	2004
33	2005
290	2006
1	2007
2	2008
4	2009
76	2010
588	2011
240	2012
278	2013
153	2014
59	2015
1	2016
49	2017
5	2018
2	2019
22	2020
36	2021
48	2022
152	2023
38	2024
120	2025
1	2026
42	2027
46	2028
26	2029
70	2030
283	2031
44	2032
32	2033
430	2034
71	2035
181	2036
8	2037
73	2038
4	2039
4	2040
129	2041
41	2042
126	2043
1	2044
6	2045
591	2046
31	2047
32	2048
85	2049
5	2050
248	2051
7	2052
115	2053
5	2054
154	2055
108	2056
35	2057
98	2058
7	2059
20	2060
6	2061
475	2062
50	2063
1	2064
53	2065
311	2066
10	2067
362	2068
49	2069
92	2070
206	2071
66	2072
72	2073
13	2074
141	2075
59	2076
361	2077
9	2078
6	2079
6	2080
75	2081
5	2082
30	2083
216	2084
44	2085
2	2086
14	2087
150	2088
84	2089
152	2090
52	2091
13	2092
31	2093
23	2094
17	2095
11	2096
229	2097
4	2098
77	2099
61	2100
260	2101
25	2102
196	2103
15	2104
308	2105
14	2106
183	2107
81	2108
4	2109
4	2110
11	2111
7	2112
1	2113
27	2114
61	2115
29	2116
110	2117
143	2118
207	2119
6	2120
247	2121
63	2122
23	2123
9	2124
253	2125
14	2126
6	2127
45	2128
2	2129
194	2130
4	2131
25	2132
53	2133
37	2134
26	2135
5	2136
2	2137
1	2138
34	2139
117	2140
2	2141
178	2142
339	2143
30	2144
82	2145
360	2146
19	2147
32	2148
23	2149
145	2150
260	2151
397	2152
72	2153
14	2154
8	2155
501	2156
88	2157
386	2158
68	2159
2	2160
4	2161
31	2162
82	2163
50	2164
1	2165
70	2166
10	2167
153	2168
40	2169
2	2170
11	2171
111	2172
85	2173
54	2174
161	2175
2	2176
5	2177
23	2178
30	2179
29	2180
10	2181
17	2182
104	2183
144	2184
359	2185
28	2186
47	2187
1	2188
31	2189
3	2190
410	2191
44	2192
69	2193
317	2194
13	2195
7	2196
6	2197
95	2198
109	2199
4	2200
55	2201
18	2202
28	2203
2	2204
24	2205
3	2206
116	2207
36	2208
81	2209
35	2210
276	2211
300	2212
1	2213
24	2214
25	2215
128	2216
70	2217
116	2218
30	2219
39	2220
2	2221
8	2222
7	2223
544	2224
22	2225
54	2226
102	2227
84	2228
125	2229
1	2230
278	2231
3	2232
2	2233
6	2234
105	2235
68	2236
30	2237
50	2238
52	2239
10	2240
83	2241
25	2242
32	2243
77	2244
88	2245
143	2246
94	2247
424	2248
161	2249
1	2250
56	2251
40	2252
1	2253
65	2254
1	2255
10	2256
50	2257
67	2258
158	2259
1	2260
25	2261
6	2262
8	2263
80	2264
10	2265
158	2266
368	2267
230	2268
31	2269
18	2270
2	2271
89	2272
167	2273
3	2274
7	2275
316	2276
2	2277
89	2278
13	2279
3	2280
297	2281
67	2282
31	2283
26	2284
9	2285
28	2286
7	2287
2	2288
17	2289
6	2290
8	2291
33	2292
32	2293
75	2294
3	2295
33	2296
2	2297
28	2298
14	2299
24	2300
401	2301
81	2302
91	2303
36	2304
52	2305
24	2306
3	2307
27	2308
12	2309
2	2310
60	2311
2	2312
104	2313
51	2314
303	2315
47	2316
5	2317
1	2318
11	2319
20	2320
175	2321
107	2322
38	2323
29	2324
62	2325
29	2326
80	2327
91	2328
20	2329
1	2330
98	2331
188	2332
2	2333
2	2334
46	2335
1	2336
296	2337
79	2338
62	2339
48	2340
75	2341
1	2342
7	2343
28	2344
4	2345
117	2346
50	2347
214	2348
1	2349
269	2350
8	2351
95	2352
4	2353
18	2354
5	2355
8	2356
186	2357
23	2358
15	2359
6	2360
29	2361
56	2362
21	2363
70	2364
199	2365
3	2366
1	2367
69	2368
191	2369
2	2370
15	2371
100	2372
68	2373
85	2374
18	2375
1	2376
6	2377
5	2378
264	2379
21	2380
11	2381
8	2382
2	2383
23	2384
157	2385
1	2386
1	2387
23	2388
8	2389
19	2390
1	2391
7	2392
1	2393
54	2394
52	2395
129	2396
14	2397
92	2398
2	2399
27	2400
25	2401
198	2402
2	2403
201	2404
9	2405
335	2406
29	2407
8	2408
23	2409
50	2410
17	2411
106	2412
64	2413
46	2414
175	2415
12	2416
52	2417
21	2418
10	2419
19	2420
37	2421
19	2422
89	2423
2	2424
61	2425
138	2426
86	2427
99	2428
238	2429
21	2430
3	2431
6	2432
36	2433
250	2434
225	2435
55	2436
97	2437
144	2438
285	2439
18	2440
3	2441
3	2442
17	2443
2	2444
15	2445
1	2446
180	2447
84	2448
9	2449
46	2450
14	2451
212	2452
4	2453
101	2454
34	2455
1	2456
42	2457
37	2458
355	2459
40	2460
1	2461
245	2462
26	2463
10	2464
54	2465
28	2466
22	2467
72	2468
11	2469
180	2470
76	2471
5	2472
39	2473
30	2474
188	2475
115	2476
128	2477
59	2478
516	2479
6	2480
2	2481
20	2482
7	2483
106	2484
73	2485
187	2486
4	2487
29	2488
216	2489
103	2490
35	2491
73	2492
13	2493
54	2494
127	2495
29	2496
27	2497
8	2498
248	2499
2	2500
117	2501
2	2502
18	2503
25	2504
24	2505
198	2506
150	2507
81	2508
173	2509
142	2510
4	2511
97	2512
71	2513
7	2514
36	2515
1	2516
1	2517
4	2518
5	2519
40	2520
51	2521
136	2522
309	2523
80	2524
168	2525
22	2526
52	2527
2	2528
2	2529
35	2530
1	2531
549	2532
170	2533
1	2534
71	2535
80	2536
177	2537
98	2538
54	2539
464	2540
38	2541
2	2542
19	2543
63	2544
593	2545
48	2546
49	2547
2	2548
18	2549
122	2550
262	2551
48	2552
344	2553
4	2554
541	2555
15	2556
58	2557
207	2558
2	2559
52	2560
33	2561
148	2562
7	2563
92	2564
96	2565
5	2566
100	2567
43	2568
96	2569
49	2570
1	2571
30	2572
58	2573
21	2574
25	2575
2	2576
12	2577
300	2578
3	2579
19	2580
145	2581
24	2582
139	2583
95	2584
111	2585
109	2586
1	2587
101	2588
7	2589
76	2590
86	2591
33	2592
141	2593
36	2594
41	2595
13	2596
18	2597
9	2598
1	2599
227	2600
214	2601
1	2602
62	2603
5	2604
125	2605
61	2606
3	2607
12	2608
6	2609
10	2610
76	2611
232	2612
2	2613
224	2614
1	2615
341	2616
83	2617
93	2618
30	2619
8	2620
153	2621
9	2622
110	2623
8	2624
18	2625
70	2626
3	2627
72	2628
10	2629
403	2630
76	2631
2	2632
67	2633
12	2634
28	2635
16	2636
5	2637
17	2638
21	2639
243	2640
34	2641
45	2642
26	2643
6	2644
109	2645
2	2646
96	2647
262	2648
2	2649
143	2650
171	2651
374	2652
28	2653
16	2654
27	2655
3	2656
154	2657
13	2658
111	2659
91	2660
13	2661
38	2662
2	2663
21	2664
2	2665
97	2666
14	2667
41	2668
2	2669
41	2670
35	2671
96	2672
58	2673
323	2674
136	2675
37	2676
7	2677
44	2678
8	2679
94	2680
65	2681
30	2682
338	2683
160	2684
172	2685
2	2686
132	2687
196	2688
26	2689
35	2690
1	2691
4	2692
60	2693
9	2694
43	2695
455	2696
2	2697
1	2698
29	2699
3	2700
6	2701
63	2702
303	2703
98	2704
4	2705
8	2706
20	2707
24	2708
96	2709
29	2710
2	2711
79	2712
73	2713
34	2714
1	2715
156	2716
135	2717
48	2718
62	2719
9	2720
8	2721
12	2722
558	2723
16	2724
67	2725
26	2726
30	2727
33	2728
23	2729
26	2730
265	2731
7	2732
10	2733
29	2734
6	2735
91	2736
2	2737
27	2738
1	2739
117	2740
110	2741
6	2742
13	2743
258	2744
23	2745
400	2746
105	2747
34	2748
185	2749
23	2750
67	2751
57	2752
2	2753
32	2754
1	2755
188	2756
27	2757
120	2758
2	2759
174	2760
17	2761
4	2762
2	2763
73	2764
18	2765
107	2766
6	2767
4	2768
19	2769
35	2770
32	2771
7	2772
10	2773
32	2774
102	2775
33	2776
115	2777
37	2778
42	2779
140	2780
98	2781
186	2782
2	2783
1	2784
20	2785
342	2786
1	2787
1	2788
2	2789
18	2790
4	2791
176	2792
2	2793
104	2794
8	2795
17	2796
103	2797
109	2798
298	2799
57	2800
99	2801
124	2802
4	2803
15	2804
3	2805
118	2806
3	2807
28	2808
105	2809
312	2810
8	2811
10	2812
34	2813
4	2814
25	2815
35	2816
56	2817
59	2818
3	2819
1	2820
271	2821
46	2822
77	2823
81	2824
1	2825
45	2826
14	2827
115	2828
2	2829
41	2830
69	2831
84	2832
4	2833
166	2834
24	2835
1	2836
17	2837
18	2838
168	2839
2	2840
227	2841
24	2842
30	2843
194	2844
24	2845
8	2846
95	2847
25	2848
29	2849
60	2850
20	2851
18	2852
1	2853
231	2854
125	2855
90	2856
18	2857
78	2858
8	2859
8	2860
6	2861
6	2862
8	2863
47	2864
343	2865
2	2866
18	2867
3	2868
191	2869
122	2870
230	2871
12	2872
110	2873
79	2874
34	2875
100	2876
28	2877
77	2878
8	2879
11	2880
60	2881
8	2882
23	2883
23	2884
109	2885
40	2886
8	2887
7	2888
5	2889
239	2890
202	2891
248	2892
24	2893
69	2894
194	2895
3	2896
36	2897
45	2898
54	2899
29	2900
270	2901
72	2902
11	2903
1	2904
4	2905
64	2906
18	2907
46	2908
10	2909
100	2910
18	2911
87	2912
4	2913
316	2914
1	2915
37	2916
6	2917
69	2918
12	2919
5	2920
5	2921
40	2922
28	2923
26	2924
137	2925
250	2926
115	2927
46	2928
202	2929
6	2930
29	2931
45	2932
65	2933
36	2934
26	2935
12	2936
123	2937
325	2938
412	2939
9	2940
54	2941
1	2942
17	2943
4	2944
16	2945
20	2946
84	2947
4	2948
232	2949
8	2950
4	2951
59	2952
5	2953
412	2954
408	2955
119	2956
162	2957
347	2958
88	2959
86	2960
4	2961
99	2962
121	2963
5	2964
8	2965
81	2966
28	2967
41	2968
6	2969
47	2970
1	2971
173	2972
63	2973
64	2974
101	2975
19	2976
35	2977
31	2978
1	2979
38	2980
132	2981
1	2982
407	2983
9	2984
80	2985
8	2986
78	2987
14	2988
3	2989
19	2990
14	2991
72	2992
31	2993
80	2994
15	2995
2	2996
136	2997
148	2998
35	2999
1	3000
94	3001
1	3002
87	3003
10	3004
24	3005
208	3006
76	3007
43	3008
102	3009
47	3010
6	3011
114	3012
233	3013
48	3014
48	3015
62	3016
9	3017
2	3018
14	3019
53	3020
16	3021
1	3022
123	3023
15	3024
8	3025
11	3026
124	3027
94	3028
6	3029
2	3030
16	3031
14	3032
1	3033
58	3034
2	3035
24	3036
14	3037
7	3038
9	3039
6	3040
375	3041
2	3042
58	3043
282	3044
206	3045
4	3046
1	3047
1	3048
37	3049
2	3050
5	3051
27	3052
87	3053
287	3054
91	3055
23	3056
239	3057
30	3058
15	3059
6	3060
3	3061
129	3062
38	3063
2	3064
204	3065
26	3066
142	3067
44	3068
87	3069
3	3070
4	3071
85	3072
143	3073
40	3074
125	3075
5	3076
87	3077
4	3078
2	3079
321	3080
57	3081
17	3082
12	3083
4	3084
21	3085
241	3086
53	3087
90	3088
1	3089
37	3090
19	3091
87	3092
51	3093
8	3094
24	3095
422	3096
256	3097
92	3098
28	3099
66	3100
8	3101
163	3102
77	3103
1	3104
353	3105
3	3106
63	3107
1	3108
24	3109
5	3110
94	3111
66	3112
14	3113
91	3114
17	3115
54	3116
256	3117
27	3118
223	3119
48	3120
9	3121
10	3122
13	3123
3	3124
51	3125
6	3126
169	3127
117	3128
2	3129
159	3130
31	3131
2	3132
123	3133
39	3134
589	3135
10	3136
92	3137
30	3138
10	3139
47	3140
38	3141
2	3142
4	3143
213	3144
286	3145
29	3146
2	3147
47	3148
27	3149
9	3150
117	3151
20	3152
1	3153
51	3154
20	3155
52	3156
12	3157
24	3158
21	3159
117	3160
2	3161
43	3162
56	3163
81	3164
18	3165
129	3166
88	3167
64	3168
68	3169
3	3170
93	3171
580	3172
132	3173
93	3174
276	3175
135	3176
71	3177
83	3178
3	3179
168	3180
40	3181
268	3182
224	3183
9	3184
103	3185
41	3186
40	3187
192	3188
31	3189
7	3190
57	3191
22	3192
18	3193
123	3194
383	3195
6	3196
3	3197
11	3198
67	3199
85	3200
246	3201
24	3202
58	3203
16	3204
8	3205
50	3206
136	3207
43	3208
19	3209
10	3210
44	3211
6	3212
93	3213
20	3214
1	3215
43	3216
36	3217
20	3218
5	3219
3	3220
64	3221
367	3222
37	3223
29	3224
132	3225
165	3226
2	3227
44	3228
5	3229
7	3230
348	3231
2	3232
25	3233
3	3234
38	3235
34	3236
101	3237
2	3238
40	3239
87	3240
136	3241
85	3242
14	3243
17	3244
33	3245
119	3246
18	3247
4	3248
26	3249
2	3250
16	3251
39	3252
55	3253
1	3254
73	3255
220	3256
106	3257
2	3258
618	3259
67	3260
4	3261
3	3262
72	3263
73	3264
17	3265
5	3266
380	3267
7	3268
3	3269
16	3270
2	3271
199	3272
115	3273
3	3274
151	3275
5	3276
14	3277
52	3278
129	3279
127	3280
9	3281
3	3282
50	3283
213	3284
489	3285
6	3286
3	3287
43	3288
57	3289
512	3290
130	3291
4	3292
5	3293
115	3294
4	3295
67	3296
7	3297
33	3298
21	3299
36	3300
113	3301
1	3302
2	3303
4	3304
181	3305
120	3306
18	3307
609	3308
84	3309
104	3310
31	3311
259	3312
44	3313
5	3314
5	3315
15	3316
1	3317
195	3318
2	3319
246	3320
185	3321
4	3322
5	3323
3	3324
9	3325
270	3326
84	3327
7	3328
3	3329
61	3330
3	3331
218	3332
63	3333
101	3334
127	3335
12	3336
165	3337
12	3338
28	3339
92	3340
9	3341
1	3342
335	3343
6	3344
6	3345
39	3346
17	3347
26	3348
35	3349
17	3350
318	3351
22	3352
1	3353
34	3354
69	3355
6	3356
47	3357
2	3358
30	3359
76	3360
34	3361
15	3362
6	3363
83	3364
83	3365
4	3366
3	3367
4	3368
151	3369
10	3370
1	3371
10	3372
2	3373
125	3374
1	3375
3	3376
233	3377
15	3378
34	3379
39	3380
120	3381
47	3382
6	3383
161	3384
17	3385
47	3386
18	3387
29	3388
1	3389
4	3390
157	3391
23	3392
17	3393
64	3394
121	3395
14	3396
50	3397
579	3398
1	3399
24	3400
3	3401
6	3402
10	3403
68	3404
545	3405
95	3406
106	3407
95	3408
30	3409
7	3410
8	3411
131	3412
4	3413
51	3414
58	3415
27	3416
33	3417
9	3418
193	3419
144	3420
104	3421
93	3422
355	3423
3	3424
150	3425
190	3426
54	3427
24	3428
70	3429
134	3430
2	3431
32	3432
182	3433
26	3434
66	3435
247	3436
5	3437
273	3438
51	3439
57	3440
3	3441
34	3442
87	3443
1	3444
91	3445
14	3446
61	3447
210	3448
69	3449
1	3450
28	3451
121	3452
20	3453
1	3454
5	3455
180	3456
148	3457
25	3458
411	3459
28	3460
63	3461
96	3462
140	3463
17	3464
19	3465
27	3466
27	3467
42	3468
33	3469
32	3470
59	3471
5	3472
7	3473
32	3474
97	3475
76	3476
9	3477
106	3478
1	3479
1	3480
11	3481
29	3482
2	3483
171	3484
120	3485
41	3486
19	3487
8	3488
37	3489
259	3490
6	3491
118	3492
354	3493
1	3494
147	3495
56	3496
36	3497
15	3498
149	3499
9	3500
4	3501
78	3502
28	3503
1	3504
2	3505
24	3506
6	3507
9	3508
317	3509
105	3510
101	3511
3	3512
152	3513
68	3514
2	3515
570	3516
2	3517
10	3518
62	3519
278	3520
28	3521
90	3522
2	3523
30	3524
39	3525
61	3526
103	3527
5	3528
34	3529
275	3530
14	3531
74	3532
51	3533
18	3534
27	3535
11	3536
15	3537
120	3538
124	3539
262	3540
24	3541
430	3542
413	3543
54	3544
114	3545
49	3546
2	3547
354	3548
42	3549
3	3550
277	3551
392	3552
43	3553
279	3554
71	3555
14	3556
370	3557
284	3558
181	3559
1	3560
9	3561
33	3562
25	3563
17	3564
57	3565
420	3566
11	3567
6	3568
33	3569
10	3570
8	3571
104	3572
2	3573
3	3574
7	3575
20	3576
460	3577
92	3578
360	3579
241	3580
15	3581
49	3582
69	3583
6	3584
8	3585
113	3586
375	3587
12	3588
127	3589
81	3590
9	3591
1	3592
4	3593
6	3594
4	3595
23	3596
32	3597
108	3598
603	3599
19	3600
15	3601
371	3602
9	3603
3	3604
38	3605
121	3606
34	3607
35	3608
108	3609
31	3610
101	3611
86	3612
20	3613
38	3614
7	3615
3	3616
17	3617
53	3618
11	3619
1	3620
97	3621
79	3622
2	3623
13	3624
5	3625
118	3626
1	3627
19	3628
35	3629
393	3630
31	3631
33	3632
235	3633
79	3634
8	3635
15	3636
1	3637
498	3638
77	3639
14	3640
45	3641
5	3642
22	3643
137	3644
463	3645
3	3646
2	3647
13	3648
184	3649
82	3650
2	3651
1	3652
353	3653
29	3654
110	3655
17	3656
15	3657
43	3658
68	3659
3	3660
2	3661
46	3662
151	3663
178	3664
39	3665
132	3666
145	3667
20	3668
36	3669
30	3670
65	3671
5	3672
191	3673
118	3674
30	3675
3	3676
21	3677
52	3678
79	3679
17	3680
43	3681
1	3682
1	3683
39	3684
8	3685
5	3686
34	3687
1	3688
115	3689
3	3690
89	3691
75	3692
432	3693
14	3694
13	3695
48	3696
59	3697
103	3698
50	3699
299	3700
159	3701
7	3702
20	3703
394	3704
12	3705
21	3706
6	3707
50	3708
227	3709
1	3710
9	3711
75	3712
86	3713
3	3714
59	3715
11	3716
3	3717
16	3718
48	3719
8	3720
39	3721
9	3722
164	3723
24	3724
118	3725
1	3726
46	3727
51	3728
35	3729
6	3730
8	3731
11	3732
1	3733
3	3734
92	3735
20	3736
50	3737
2	3738
19	3739
33	3740
66	3741
299	3742
107	3743
18	3744
15	3745
55	3746
22	3747
75	3748
82	3749
89	3750
20	3751
21	3752
226	3753
3	3754
562	3755
12	3756
37	3757
103	3758
112	3759
238	3760
12	3761
59	3762
7	3763
203	3764
18	3765
105	3766
4	3767
31	3768
152	3769
80	3770
11	3771
213	3772
124	3773
17	3774
2	3775
51	3776
6	3777
3	3778
68	3779
4	3780
60	3781
9	3782
1	3783
515	3784
13	3785
15	3786
14	3787
28	3788
113	3789
23	3790
144	3791
23	3792
170	3793
50	3794
219	3795
2	3796
41	3797
65	3798
2	3799
51	3800
200	3801
44	3802
13	3803
19	3804
3	3805
121	3806
569	3807
8	3808
360	3809
118	3810
31	3811
111	3812
128	3813
257	3814
78	3815
26	3816
10	3817
275	3818
31	3819
1	3820
102	3821
349	3822
127	3823
168	3824
13	3825
13	3826
2	3827
49	3828
176	3829
12	3830
1	3831
199	3832
327	3833
9	3834
336	3835
13	3836
178	3837
6	3838
28	3839
1	3840
12	3841
8	3842
242	3843
119	3844
12	3845
97	3846
52	3847
22	3848
16	3849
78	3850
217	3851
32	3852
23	3853
15	3854
522	3855
24	3856
1	3857
20	3858
203	3859
107	3860
38	3861
13	3862
13	3863
22	3864
52	3865
85	3866
9	3867
17	3868
4	3869
165	3870
306	3871
48	3872
1	3873
506	3874
1	3875
100	3876
78	3877
217	3878
79	3879
7	3880
109	3881
74	3882
339	3883
36	3884
5	3885
167	3886
9	3887
4	3888
52	3889
185	3890
11	3891
23	3892
4	3893
36	3894
6	3895
3	3896
27	3897
5	3898
612	3899
6	3900
1	3901
8	3902
1	3903
7	3904
69	3905
36	3906
5	3907
26	3908
11	3909
6	3910
9	3911
11	3912
12	3913
1	3914
6	3915
5	3916
126	3917
11	3918
27	3919
279	3920
3	3921
31	3922
98	3923
5	3924
30	3925
325	3926
17	3927
8	3928
23	3929
22	3930
53	3931
32	3932
36	3933
32	3934
80	3935
1	3936
7	3937
51	3938
601	3939
357	3940
135	3941
1	3942
39	3943
59	3944
5	3945
1	3946
241	3947
34	3948
120	3949
20	3950
93	3951
16	3952
44	3953
218	3954
21	3955
268	3956
11	3957
1	3958
2	3959
82	3960
10	3961
62	3962
115	3963
4	3964
8	3965
39	3966
1	3967
3	3968
14	3969
31	3970
130	3971
70	3972
13	3973
130	3974
32	3975
88	3976
20	3977
8	3978
17	3979
49	3980
10	3981
108	3982
41	3983
195	3984
158	3985
47	3986
91	3987
24	3988
1	3989
94	3990
89	3991
223	3992
72	3993
261	3994
3	3995
10	3996
13	3997
65	3998
8	3999
4	4000
45	4001
141	4002
1	4003
160	4004
29	4005
4	4006
18	4007
20	4008
218	4009
22	4010
34	4011
34	4012
14	4013
19	4014
80	4015
30	4016
86	4017
10	4018
39	4019
554	4020
112	4021
8	4022
5	4023
39	4024
29	4025
3	4026
24	4027
22	4028
75	4029
289	4030
84	4031
4	4032
48	4033
27	4034
52	4035
79	4036
7	4037
60	4038
1	4039
17	4040
118	4041
13	4042
41	4043
2	4044
135	4045
31	4046
96	4047
17	4048
614	4049
344	4050
270	4051
1	4052
471	4053
2	4054
56	4055
2	4056
39	4057
8	4058
93	4059
20	4060
38	4061
3	4062
3	4063
6	4064
83	4065
173	4066
4	4067
40	4068
495	4069
31	4070
123	4071
23	4072
6	4073
20	4074
8	4075
90	4076
50	4077
53	4078
13	4079
62	4080
425	4081
2	4082
36	4083
55	4084
21	4085
510	4086
8	4087
111	4088
35	4089
50	4090
13	4091
105	4092
289	4093
12	4094
7	4095
1	4096
18	4097
28	4098
3	4099
15	4100
80	4101
44	4102
74	4103
191	4104
24	4105
26	4106
99	4107
448	4108
4	4109
178	4110
82	4111
26	4112
5	4113
47	4114
33	4115
34	4116
110	4117
1	4118
41	4119
1	4120
94	4121
14	4122
15	4123
5	4124
102	4125
112	4126
19	4127
11	4128
1	4129
15	4130
37	4131
22	4132
42	4133
2	4134
274	4135
41	4136
18	4137
4	4138
169	4139
22	4140
64	4141
1	4142
213	4143
24	4144
1	4145
21	4146
73	4147
35	4148
75	4149
9	4150
17	4151
5	4152
151	4153
20	4154
1	4155
32	4156
10	4157
80	4158
118	4159
2	4160
29	4161
2	4162
39	4163
216	4164
49	4165
2	4166
16	4167
156	4168
145	4169
85	4170
8	4171
11	4172
15	4173
96	4174
155	4175
65	4176
3	4177
176	4178
4	4179
7	4180
7	4181
6	4182
9	4183
49	4184
2	4185
131	4186
57	4187
5	4188
1	4189
16	4190
97	4191
130	4192
4	4193
36	4194
5	4195
6	4196
69	4197
60	4198
1	4199
7	4200
7	4201
158	4202
48	4203
16	4204
551	4205
109	4206
22	4207
44	4208
127	4209
10	4210
5	4211
398	4212
9	4213
33	4214
7	4215
86	4216
8	4217
28	4218
60	4219
135	4220
1	4221
48	4222
153	4223
396	4224
125	4225
4	4226
285	4227
47	4228
16	4229
423	4230
9	4231
84	4232
26	4233
56	4234
7	4235
191	4236
23	4237
44	4238
17	4239
106	4240
294	4241
168	4242
125	4243
5	4244
3	4245
24	4246
3	4247
25	4248
31	4249
44	4250
4	4251
17	4252
2	4253
227	4254
73	4255
2	4256
11	4257
23	4258
20	4259
45	4260
206	4261
1	4262
19	4263
109	4264
2	4265
41	4266
63	4267
111	4268
6	4269
4	4270
2	4271
17	4272
183	4273
77	4274
4	4275
7	4276
406	4277
2	4278
2	4279
7	4280
18	4281
170	4282
52	4283
6	4284
52	4285
82	4286
44	4287
2	4288
44	4289
126	4290
440	4291
146	4292
184	4293
55	4294
89	4295
15	4296
1	4297
20	4298
93	4299
107	4300
50	4301
79	4302
141	4303
39	4304
45	4305
157	4306
369	4307
44	4308
162	4309
4	4310
22	4311
65	4312
68	4313
9	4314
3	4315
4	4316
109	4317
60	4318
17	4319
13	4320
43	4321
27	4322
11	4323
100	4324
33	4325
41	4326
131	4327
121	4328
52	4329
198	4330
17	4331
5	4332
9	4333
117	4334
304	4335
13	4336
9	4337
19	4338
46	4339
197	4340
272	4341
8	4342
108	4343
45	4344
94	4345
3	4346
32	4347
1	4348
3	4349
76	4350
54	4351
148	4352
127	4353
175	4354
119	4355
17	4356
9	4357
9	4358
3	4359
45	4360
12	4361
296	4362
117	4363
34	4364
12	4365
11	4366
125	4367
42	4368
34	4369
194	4370
51	4371
30	4372
46	4373
14	4374
86	4375
109	4376
58	4377
4	4378
23	4379
110	4380
185	4381
307	4382
71	4383
42	4384
29	4385
10	4386
37	4387
50	4388
109	4389
22	4390
78	4391
18	4392
49	4393
129	4394
23	4395
14	4396
40	4397
2	4398
3	4399
1	4400
90	4401
437	4402
16	4403
100	4404
84	4405
1	4406
16	4407
91	4408
79	4409
2	4410
67	4411
12	4412
34	4413
108	4414
28	4415
126	4416
468	4417
35	4418
57	4419
60	4420
547	4421
63	4422
7	4423
24	4424
39	4425
4	4426
122	4427
206	4428
181	4429
24	4430
67	4431
4	4432
21	4433
3	4434
19	4435
38	4436
56	4437
38	4438
200	4439
5	4440
89	4441
57	4442
312	4443
357	4444
93	4445
68	4446
2	4447
87	4448
5	4449
81	4450
113	4451
613	4452
25	4453
142	4454
18	4455
5	4456
76	4457
19	4458
69	4459
6	4460
7	4461
4	4462
18	4463
65	4464
395	4465
14	4466
140	4467
263	4468
15	4469
5	4470
390	4471
106	4472
88	4473
1	4474
116	4475
133	4476
107	4477
55	4478
168	4479
121	4480
10	4481
36	4482
9	4483
119	4484
79	4485
6	4486
21	4487
31	4488
7	4489
21	4490
67	4491
341	4492
73	4493
118	4494
520	4495
1	4496
36	4497
12	4498
75	4499
1	4500
8	4501
8	4502
15	4503
66	4504
26	4505
191	4506
44	4507
12	4508
44	4509
128	4510
101	4511
38	4512
74	4513
48	4514
25	4515
406	4516
262	4517
47	4518
254	4519
11	4520
163	4521
198	4522
117	4523
2	4524
440	4525
114	4526
220	4527
58	4528
49	4529
15	4530
3	4531
41	4532
19	4533
57	4534
10	4535
91	4536
258	4537
42	4538
2	4539
220	4540
391	4541
6	4542
1	4543
9	4544
168	4545
3	4546
27	4547
19	4548
12	4549
3	4550
14	4551
40	4552
1	4553
1	4554
86	4555
4	4556
2	4557
104	4558
15	4559
1	4560
12	4561
103	4562
131	4563
270	4564
108	4565
4	4566
26	4567
12	4568
4	4569
45	4570
12	4571
218	4572
98	4573
40	4574
22	4575
51	4576
15	4577
13	4578
78	4579
17	4580
17	4581
28	4582
193	4583
9	4584
7	4585
9	4586
104	4587
2	4588
108	4589
20	4590
118	4591
217	4592
106	4593
8	4594
14	4595
8	4596
60	4597
72	4598
24	4599
82	4600
9	4601
7	4602
13	4603
6	4604
27	4605
32	4606
74	4607
16	4608
237	4609
200	4610
1	4611
35	4612
143	4613
47	4614
507	4615
16	4616
82	4617
85	4618
49	4619
4	4620
7	4621
351	4622
1	4623
253	4624
48	4625
240	4626
11	4627
11	4628
8	4629
9	4630
149	4631
44	4632
45	4633
119	4634
4	4635
15	4636
248	4637
255	4638
217	4639
100	4640
27	4641
238	4642
9	4643
4	4644
94	4645
172	4646
1	4647
28	4648
23	4649
15	4650
14	4651
7	4652
51	4653
31	4654
20	4655
65	4656
77	4657
572	4658
144	4659
330	4660
17	4661
3	4662
3	4663
14	4664
1	4665
5	4666
223	4667
90	4668
36	4669
7	4670
230	4671
83	4672
143	4673
8	4674
4	4675
1	4676
168	4677
5	4678
87	4679
10	4680
112	4681
11	4682
51	4683
12	4684
71	4685
7	4686
99	4687
17	4688
26	4689
7	4690
157	4691
134	4692
220	4693
9	4694
22	4695
49	4696
22	4697
8	4698
51	4699
99	4700
10	4701
32	4702
149	4703
9	4704
2	4705
57	4706
39	4707
6	4708
12	4709
1	4710
50	4711
5	4712
345	4713
4	4714
13	4715
20	4716
13	4717
104	4718
257	4719
97	4720
119	4721
101	4722
21	4723
3	4724
36	4725
5	4726
24	4727
1	4728
15	4729
14	4730
135	4731
6	4732
10	4733
28	4734
44	4735
1	4736
3	4737
7	4738
245	4739
4	4740
24	4741
34	4742
4	4743
47	4744
42	4745
146	4746
11	4747
19	4748
4	4749
121	4750
51	4751
329	4752
46	4753
33	4754
12	4755
454	4756
15	4757
25	4758
2	4759
79	4760
62	4761
56	4762
135	4763
385	4764
8	4765
47	4766
9	4767
108	4768
67	4769
1	4770
14	4771
174	4772
7	4773
70	4774
5	4775
64	4776
402	4777
20	4778
142	4779
1	4780
83	4781
29	4782
9	4783
415	4784
21	4785
1	4786
8	4787
265	4788
180	4789
49	4790
41	4791
3	4792
85	4793
16	4794
34	4795
75	4796
21	4797
25	4798
121	4799
179	4800
414	4801
53	4802
32	4803
1	4804
38	4805
67	4806
32	4807
34	4808
491	4809
3	4810
34	4811
38	4812
119	4813
41	4814
437	4815
97	4816
93	4817
24	4818
76	4819
1	4820
63	4821
212	4822
23	4823
128	4824
58	4825
21	4826
78	4827
45	4828
96	4829
381	4830
23	4831
187	4832
139	4833
12	4834
7	4835
65	4836
30	4837
345	4838
19	4839
59	4840
70	4841
18	4842
73	4843
17	4844
428	4845
13	4846
18	4847
7	4848
28	4849
9	4850
88	4851
358	4852
5	4853
188	4854
2	4855
10	4856
64	4857
461	4858
5	4859
18	4860
174	4861
4	4862
58	4863
19	4864
4	4865
183	4866
374	4867
9	4868
29	4869
186	4870
51	4871
268	4872
345	4873
2	4874
235	4875
120	4876
2	4877
197	4878
10	4879
38	4880
503	4881
18	4882
74	4883
9	4884
105	4885
43	4886
5	4887
34	4888
16	4889
212	4890
35	4891
40	4892
514	4893
29	4894
6	4895
316	4896
95	4897
104	4898
30	4899
385	4900
26	4901
54	4902
69	4903
6	4904
5	4905
8	4906
36	4907
35	4908
4	4909
69	4910
1	4911
12	4912
40	4913
5	4914
21	4915
1	4916
44	4917
35	4918
1	4919
13	4920
2	4921
137	4922
1	4923
4	4924
35	4925
34	4926
14	4927
145	4928
12	4929
19	4930
93	4931
140	4932
94	4933
3	4934
21	4935
73	4936
8	4937
34	4938
16	4939
389	4940
2	4941
4	4942
51	4943
6	4944
60	4945
365	4946
93	4947
8	4948
137	4949
8	4950
12	4951
9	4952
439	4953
49	4954
82	4955
68	4956
39	4957
1	4958
4	4959
236	4960
36	4961
2	4962
402	4963
9	4964
40	4965
2	4966
47	4967
1	4968
69	4969
222	4970
358	4971
90	4972
179	4973
11	4974
61	4975
197	4976
13	4977
201	4978
104	4979
281	4980
27	4981
8	4982
9	4983
24	4984
16	4985
24	4986
122	4987
30	4988
13	4989
23	4990
54	4991
85	4992
54	4993
6	4994
3	4995
2	4996
18	4997
49	4998
2	4999
21	5000
3	5001
339	5002
74	5003
342	5004
4	5005
12	5006
15	5007
151	5008
195	5009
2	5010
50	5011
47	5012
120	5013
386	5014
59	5015
230	5016
334	5017
89	5018
124	5019
106	5020
3	5021
271	5022
71	5023
484	5024
83	5025
2	5026
122	5027
145	5028
205	5029
169	5030
33	5031
28	5032
53	5033
96	5034
115	5035
21	5036
39	5037
33	5038
23	5039
10	5040
13	5041
47	5042
16	5043
52	5044
10	5045
164	5046
6	5047
2	5048
49	5049
7	5050
39	5051
536	5052
34	5053
410	5054
5	5055
4	5056
91	5057
322	5058
92	5059
25	5060
197	5061
8	5062
158	5063
9	5064
103	5065
48	5066
281	5067
31	5068
3	5069
7	5070
87	5071
35	5072
41	5073
199	5074
21	5075
3	5076
43	5077
125	5078
180	5079
5	5080
38	5081
16	5082
566	5083
4	5084
256	5085
7	5086
138	5087
3	5088
2	5089
15	5090
79	5091
22	5092
1	5093
83	5094
19	5095
249	5096
2	5097
38	5098
93	5099
42	5100
1	5101
1	5102
5	5103
35	5104
18	5105
130	5106
38	5107
8	5108
87	5109
9	5110
174	5111
1	5112
14	5113
1	5114
41	5115
133	5116
1	5117
36	5118
276	5119
88	5120
4	5121
44	5122
41	5123
25	5124
30	5125
79	5126
43	5127
563	5128
155	5129
116	5130
31	5131
9	5132
33	5133
8	5134
144	5135
9	5136
157	5137
43	5138
1	5139
8	5140
12	5141
16	5142
5	5143
173	5144
5	5145
26	5146
479	5147
3	5148
32	5149
3	5150
21	5151
25	5152
31	5153
483	5154
222	5155
120	5156
42	5157
105	5158
1	5159
26	5160
167	5161
44	5162
5	5163
180	5164
22	5165
8	5166
195	5167
2	5168
80	5169
28	5170
32	5171
63	5172
31	5173
31	5174
31	5175
22	5176
310	5177
361	5178
98	5179
26	5180
124	5181
251	5182
164	5183
30	5184
8	5185
17	5186
6	5187
16	5188
91	5189
1	5190
25	5191
52	5192
3	5193
1	5194
8	5195
76	5196
3	5197
37	5198
132	5199
462	5200
33	5201
4	5202
113	5203
5	5204
43	5205
205	5206
9	5207
41	5208
5	5209
2	5210
1	5211
4	5212
37	5213
1	5214
71	5215
2	5216
84	5217
3	5218
3	5219
14	5220
19	5221
15	5222
94	5223
2	5224
6	5225
73	5226
56	5227
10	5228
6	5229
1	5230
15	5231
57	5232
87	5233
17	5234
15	5235
18	5236
602	5237
10	5238
26	5239
6	5240
5	5241
12	5242
114	5243
122	5244
251	5245
159	5246
102	5247
100	5248
8	5249
81	5250
352	5251
10	5252
146	5253
150	5254
56	5255
119	5256
113	5257
5	5258
8	5259
127	5260
1	5261
5	5262
89	5263
97	5264
19	5265
98	5266
6	5267
7	5268
95	5269
6	5270
73	5271
9	5272
60	5273
68	5274
4	5275
1	5276
12	5277
154	5278
69	5279
4	5280
11	5281
21	5282
89	5283
188	5284
86	5285
74	5286
185	5287
8	5288
27	5289
39	5290
295	5291
51	5292
46	5293
2	5294
79	5295
12	5296
47	5297
11	5298
116	5299
392	5300
78	5301
338	5302
296	5303
6	5304
1	5305
21	5306
2	5307
297	5308
116	5309
128	5310
597	5311
9	5312
114	5313
117	5314
5	5315
280	5316
7	5317
29	5318
14	5319
69	5320
18	5321
130	5322
221	5323
133	5324
28	5325
38	5326
82	5327
124	5328
27	5329
29	5330
175	5331
35	5332
276	5333
39	5334
1	5335
1	5336
53	5337
15	5338
54	5339
35	5340
73	5341
9	5342
87	5343
87	5344
4	5345
39	5346
19	5347
166	5348
1	5349
60	5350
62	5351
95	5352
134	5353
43	5354
14	5355
22	5356
438	5357
85	5358
169	5359
54	5360
3	5361
29	5362
138	5363
8	5364
76	5365
22	5366
66	5367
1	5368
3	5369
43	5370
186	5371
85	5372
5	5373
2	5374
74	5375
13	5376
16	5377
29	5378
21	5379
1	5380
2	5381
6	5382
127	5383
12	5384
23	5385
25	5386
22	5387
49	5388
29	5389
12	5390
467	5391
3	5392
24	5393
266	5394
45	5395
191	5396
145	5397
505	5398
13	5399
30	5400
184	5401
154	5402
364	5403
58	5404
235	5405
6	5406
12	5407
159	5408
2	5409
245	5410
5	5411
249	5412
24	5413
138	5414
532	5415
3	5416
216	5417
28	5418
182	5419
12	5420
4	5421
17	5422
110	5423
147	5424
349	5425
75	5426
95	5427
152	5428
502	5429
119	5430
118	5431
335	5432
24	5433
8	5434
167	5435
98	5436
9	5437
16	5438
47	5439
112	5440
3	5441
229	5442
246	5443
91	5444
108	5445
23	5446
129	5447
13	5448
14	5449
19	5450
22	5451
546	5452
5	5453
11	5454
30	5455
162	5456
2	5457
32	5458
442	5459
3	5460
48	5461
15	5462
43	5463
8	5464
25	5465
23	5466
3	5467
81	5468
82	5469
47	5470
5	5471
32	5472
2	5473
171	5474
170	5475
4	5476
50	5477
1	5478
123	5479
22	5480
6	5481
97	5482
68	5483
39	5484
104	5485
125	5486
539	5487
163	5488
2	5489
2	5490
7	5491
184	5492
161	5493
109	5494
3	5495
22	5496
4	5497
126	5498
233	5499
1	5500
88	5501
177	5502
31	5503
187	5504
39	5505
4	5506
4	5507
9	5508
14	5509
39	5510
48	5511
13	5512
6	5513
321	5514
8	5515
47	5516
87	5517
134	5518
1	5519
163	5520
1	5521
302	5522
28	5523
93	5524
122	5525
64	5526
76	5527
254	5528
234	5529
41	5530
301	5531
3	5532
16	5533
41	5534
15	5535
86	5536
29	5537
234	5538
19	5539
101	5540
9	5541
16	5542
2	5543
1	5544
23	5545
1	5546
6	5547
210	5548
149	5549
44	5550
219	5551
74	5552
100	5553
5	5554
20	5555
51	5556
88	5557
204	5558
30	5559
271	5560
157	5561
27	5562
84	5563
69	5564
3	5565
122	5566
141	5567
26	5568
1	5569
36	5570
7	5571
118	5572
537	5573
92	5574
7	5575
107	5576
20	5577
7	5578
7	5579
7	5580
11	5581
4	5582
136	5583
17	5584
43	5585
27	5586
45	5587
2	5588
194	5589
71	5590
19	5591
19	5592
28	5593
112	5594
44	5595
4	5596
34	5597
1	5598
17	5599
1	5600
225	5601
43	5602
457	5603
16	5604
11	5605
341	5606
4	5607
52	5608
41	5609
1	5610
1	5611
50	5612
263	5613
31	5614
95	5615
2	5616
94	5617
70	5618
182	5619
1	5620
57	5621
8	5622
4	5623
10	5624
119	5625
5	5626
80	5627
68	5628
31	5629
1	5630
35	5631
2	5632
23	5633
1	5634
207	5635
2	5636
148	5637
373	5638
26	5639
50	5640
16	5641
23	5642
81	5643
193	5644
26	5645
11	5646
1	5647
112	5648
20	5649
95	5650
45	5651
355	5652
172	5653
129	5654
25	5655
48	5656
21	5657
67	5658
50	5659
31	5660
39	5661
9	5662
12	5663
59	5664
1	5665
35	5666
20	5667
22	5668
2	5669
10	5670
8	5671
1	5672
62	5673
4	5674
64	5675
113	5676
18	5677
7	5678
26	5679
87	5680
1	5681
337	5682
10	5683
195	5684
133	5685
165	5686
19	5687
23	5688
68	5689
18	5690
27	5691
309	5692
107	5693
19	5694
25	5695
25	5696
96	5697
34	5698
29	5699
1	5700
3	5701
295	5702
12	5703
82	5704
174	5705
70	5706
32	5707
24	5708
21	5709
117	5710
2	5711
266	5712
103	5713
166	5714
137	5715
2	5716
99	5717
1	5718
132	5719
44	5720
18	5721
9	5722
32	5723
3	5724
2	5725
40	5726
47	5727
26	5728
3	5729
11	5730
16	5731
18	5732
244	5733
113	5734
273	5735
211	5736
8	5737
42	5738
66	5739
3	5740
332	5741
6	5742
269	5743
100	5744
16	5745
44	5746
32	5747
15	5748
2	5749
293	5750
8	5751
80	5752
6	5753
4	5754
39	5755
83	5756
34	5757
336	5758
215	5759
23	5760
494	5761
8	5762
42	5763
255	5764
24	5765
15	5766
10	5767
5	5768
22	5769
20	5770
43	5771
61	5772
167	5773
84	5774
268	5775
99	5776
9	5777
76	5778
14	5779
1	5780
7	5781
6	5782
17	5783
3	5784
44	5785
9	5786
2	5787
87	5788
1	5789
2	5790
107	5791
3	5792
6	5793
12	5794
37	5795
3	5796
14	5797
556	5798
23	5799
116	5800
3	5801
66	5802
3	5803
12	5804
63	5805
63	5806
60	5807
458	5808
6	5809
1	5810
52	5811
10	5812
10	5813
45	5814
4	5815
85	5816
1	5817
58	5818
523	5819
39	5820
43	5821
143	5822
141	5823
62	5824
77	5825
202	5826
328	5827
62	5828
41	5829
140	5830
343	5831
155	5832
1	5833
4	5834
35	5835
485	5836
43	5837
90	5838
17	5839
2	5840
62	5841
70	5842
35	5843
26	5844
10	5845
351	5846
5	5847
11	5848
30	5849
171	5850
1	5851
50	5852
9	5853
42	5854
17	5855
88	5856
17	5857
37	5858
15	5859
283	5860
64	5861
114	5862
28	5863
179	5864
16	5865
47	5866
208	5867
61	5868
5	5869
2	5870
41	5871
82	5872
14	5873
94	5874
16	5875
66	5876
17	5877
24	5878
10	5879
8	5880
21	5881
13	5882
165	5883
2	5884
114	5885
20	5886
297	5887
497	5888
13	5889
21	5890
20	5891
8	5892
1	5893
14	5894
234	5895
23	5896
4	5897
146	5898
34	5899
101	5900
42	5901
3	5902
8	5903
4	5904
120	5905
10	5906
40	5907
14	5908
14	5909
104	5910
6	5911
565	5912
77	5913
18	5914
3	5915
96	5916
67	5917
487	5918
232	5919
24	5920
1	5921
13	5922
206	5923
16	5924
39	5925
154	5926
37	5927
20	5928
133	5929
16	5930
46	5931
2	5932
92	5933
154	5934
128	5935
37	5936
119	5937
553	5938
63	5939
77	5940
183	5941
198	5942
51	5943
1	5944
2	5945
1	5946
1	5947
97	5948
58	5949
133	5950
131	5951
33	5952
86	5953
15	5954
10	5955
3	5956
13	5957
159	5958
4	5959
37	5960
38	5961
22	5962
96	5963
435	5964
33	5965
5	5966
16	5967
8	5968
69	5969
1	5970
52	5971
62	5972
2	5973
534	5974
5	5975
48	5976
7	5977
368	5978
4	5979
10	5980
399	5981
42	5982
7	5983
11	5984
153	5985
292	5986
22	5987
49	5988
1	5989
164	5990
2	5991
32	5992
127	5993
45	5994
74	5995
22	5996
3	5997
48	5998
359	5999
19	6000
18	6001
115	6002
14	6003
8	6004
66	6005
20	6006
27	6007
202	6008
177	6009
35	6010
186	6011
57	6012
81	6013
96	6014
10	6015
62	6016
81	6017
28	6018
40	6019
12	6020
393	6021
36	6022
6	6023
56	6024
1	6025
7	6026
23	6027
40	6028
10	6029
7	6030
28	6031
131	6032
9	6033
1	6034
38	6035
2	6036
138	6037
35	6038
91	6039
17	6040
28	6041
139	6042
22	6043
2	6044
30	6045
49	6046
75	6047
224	6048
300	6049
100	6050
227	6051
61	6052
261	6053
6	6054
195	6055
30	6056
2	6057
16	6058
35	6059
73	6060
69	6061
146	6062
94	6063
59	6064
22	6065
378	6066
4	6067
10	6068
47	6069
239	6070
4	6071
6	6072
58	6073
3	6074
10	6075
2	6076
33	6077
29	6078
7	6079
2	6080
151	6081
7	6082
147	6083
60	6084
3	6085
10	6086
8	6087
64	6088
54	6089
14	6090
59	6091
27	6092
89	6093
1	6094
6	6095
559	6096
320	6097
94	6098
1	6099
100	6100
20	6101
83	6102
150	6103
30	6104
9	6105
134	6106
108	6107
77	6108
78	6109
173	6110
62	6111
79	6112
20	6113
236	6114
3	6115
190	6116
220	6117
37	6118
13	6119
42	6120
7	6121
2	6122
17	6123
74	6124
35	6125
77	6126
169	6127
7	6128
107	6129
26	6130
19	6131
50	6132
17	6133
24	6134
432	6135
89	6136
124	6137
20	6138
243	6139
33	6140
51	6141
14	6142
436	6143
10	6144
2	6145
9	6146
88	6147
37	6148
26	6149
37	6150
4	6151
92	6152
200	6153
63	6154
123	6155
3	6156
81	6157
89	6158
34	6159
11	6160
106	6161
10	6162
189	6163
2	6164
29	6165
132	6166
215	6167
34	6168
43	6169
18	6170
14	6171
42	6172
35	6173
1	6174
89	6175
4	6176
369	6177
20	6178
91	6179
29	6180
8	6181
303	6182
14	6183
6	6184
71	6185
19	6186
78	6187
6	6188
14	6189
5	6190
7	6191
33	6192
75	6193
95	6194
83	6195
7	6196
595	6197
6	6198
23	6199
52	6200
193	6201
5	6202
14	6203
54	6204
63	6205
72	6206
5	6207
81	6208
63	6209
20	6210
10	6211
5	6212
15	6213
8	6214
5	6215
150	6216
180	6217
1	6218
4	6219
3	6220
103	6221
84	6222
2	6223
2	6224
73	6225
5	6226
130	6227
74	6228
17	6229
103	6230
46	6231
44	6232
4	6233
14	6234
87	6235
50	6236
447	6237
67	6238
40	6239
19	6240
7	6241
6	6242
75	6243
17	6244
21	6245
213	6246
4	6247
5	6248
90	6249
108	6250
13	6251
1	6252
242	6253
16	6254
143	6255
71	6256
318	6257
12	6258
33	6259
1	6260
27	6261
51	6262
1	6263
22	6264
3	6265
18	6266
1	6267
1	6268
218	6269
2	6270
26	6271
2	6272
3	6273
166	6274
108	6275
23	6276
6	6277
7	6278
29	6279
11	6280
312	6281
36	6282
97	6283
55	6284
101	6285
58	6286
23	6287
1	6288
170	6289
22	6290
58	6291
121	6292
192	6293
188	6294
320	6295
9	6296
174	6297
4	6298
301	6299
51	6300
69	6301
6	6302
3	6303
60	6304
5	6305
72	6306
1	6307
28	6308
3	6309
21	6310
264	6311
6	6312
17	6313
5	6314
13	6315
5	6316
37	6317
36	6318
57	6319
60	6320
9	6321
71	6322
78	6323
19	6324
23	6325
1	6326
243	6327
3	6328
85	6329
17	6330
58	6331
52	6332
297	6333
85	6334
15	6335
26	6336
336	6337
2	6338
235	6339
111	6340
129	6341
5	6342
8	6343
64	6344
148	6345
65	6346
517	6347
178	6348
13	6349
2	6350
324	6351
21	6352
1	6353
125	6354
24	6355
54	6356
69	6357
122	6358
4	6359
6	6360
3	6361
42	6362
313	6363
18	6364
70	6365
8	6366
50	6367
141	6368
383	6369
370	6370
25	6371
39	6372
3	6373
134	6374
5	6375
40	6376
15	6377
6	6378
313	6379
90	6380
7	6381
54	6382
56	6383
223	6384
2	6385
4	6386
2	6387
438	6388
272	6389
3	6390
116	6391
54	6392
58	6393
13	6394
16	6395
28	6396
143	6397
319	6398
108	6399
288	6400
102	6401
377	6402
6	6403
3	6404
529	6405
477	6406
1	6407
12	6408
9	6409
47	6410
42	6411
45	6412
7	6413
6	6414
141	6415
1	6416
449	6417
46	6418
33	6419
37	6420
44	6421
206	6422
42	6423
2	6424
1	6425
9	6426
110	6427
1	6428
54	6429
149	6430
12	6431
42	6432
86	6433
2	6434
26	6435
68	6436
26	6437
14	6438
1	6439
2	6440
302	6441
50	6442
6	6443
13	6444
4	6445
4	6446
116	6447
139	6448
1	6449
41	6450
18	6451
56	6452
101	6453
4	6454
283	6455
16	6456
10	6457
71	6458
145	6459
137	6460
308	6461
41	6462
3	6463
199	6464
38	6465
114	6466
48	6467
21	6468
288	6469
2	6470
211	6471
65	6472
98	6473
445	6474
8	6475
182	6476
3	6477
36	6478
178	6479
7	6480
32	6481
73	6482
14	6483
8	6484
92	6485
4	6486
30	6487
77	6488
2	6489
126	6490
1	6491
102	6492
38	6493
16	6494
17	6495
22	6496
6	6497
45	6498
212	6499
4	6500
46	6501
3	6502
14	6503
4	6504
46	6505
7	6506
405	6507
36	6508
46	6509
18	6510
4	6511
15	6512
28	6513
82	6514
54	6515
92	6516
139	6517
39	6518
18	6519
72	6520
142	6521
14	6522
117	6523
171	6524
8	6525
28	6526
12	6527
22	6528
1	6529
32	6530
56	6531
201	6532
305	6533
32	6534
358	6535
14	6536
4	6537
8	6538
174	6539
1	6540
85	6541
78	6542
43	6543
3	6544
3	6545
107	6546
3	6547
56	6548
3	6549
104	6550
45	6551
22	6552
2	6553
11	6554
14	6555
81	6556
4	6557
6	6558
85	6559
32	6560
79	6561
1	6562
71	6563
41	6564
79	6565
31	6566
38	6567
19	6568
224	6569
1	6570
131	6571
265	6572
29	6573
6	6574
14	6575
13	6576
1	6577
57	6578
115	6579
164	6580
187	6581
3	6582
25	6583
39	6584
20	6585
25	6586
1	6587
19	6588
6	6589
90	6590
351	6591
8	6592
83	6593
6	6594
93	6595
14	6596
89	6597
1	6598
55	6599
1	6600
11	6601
53	6602
19	6603
42	6604
387	6605
102	6606
8	6607
7	6608
35	6609
40	6610
17	6611
271	6612
76	6613
71	6614
119	6615
1	6616
13	6617
45	6618
13	6619
1	6620
49	6621
7	6622
7	6623
12	6624
89	6625
1	6626
2	6627
257	6628
81	6629
535	6630
5	6631
41	6632
3	6633
3	6634
5	6635
21	6636
1	6637
33	6638
11	6639
18	6640
21	6641
1	6642
42	6643
68	6644
31	6645
70	6646
3	6647
133	6648
3	6649
1	6650
42	6651
1	6652
17	6653
212	6654
46	6655
5	6656
111	6657
11	6658
228	6659
43	6660
7	6661
1	6662
2	6663
347	6664
39	6665
163	6666
87	6667
74	6668
3	6669
41	6670
1	6671
2	6672
9	6673
24	6674
76	6675
11	6676
17	6677
10	6678
62	6679
160	6680
34	6681
38	6682
14	6683
10	6684
10	6685
594	6686
13	6687
49	6688
14	6689
2	6690
15	6691
112	6692
84	6693
417	6694
6	6695
44	6696
1	6697
11	6698
2	6699
279	6700
121	6701
128	6702
67	6703
106	6704
24	6705
2	6706
3	6707
36	6708
57	6709
342	6710
9	6711
70	6712
12	6713
8	6714
1	6715
37	6716
128	6717
5	6718
115	6719
473	6720
1	6721
123	6722
40	6723
2	6724
23	6725
67	6726
1	6727
583	6728
2	6729
288	6730
21	6731
50	6732
55	6733
22	6734
11	6735
89	6736
27	6737
38	6738
287	6739
57	6740
30	6741
42	6742
11	6743
64	6744
26	6745
1	6746
172	6747
1	6748
232	6749
16	6750
15	6751
145	6752
163	6753
36	6754
58	6755
40	6756
211	6757
1	6758
20	6759
155	6760
3	6761
36	6762
19	6763
20	6764
5	6765
19	6766
1	6767
7	6768
44	6769
1	6770
48	6771
1	6772
19	6773
156	6774
37	6775
49	6776
5	6777
2	6778
48	6779
12	6780
15	6781
254	6782
1	6783
153	6784
17	6785
6	6786
31	6787
5	6788
68	6789
5	6790
1	6791
204	6792
105	6793
30	6794
19	6795
32	6796
25	6797
138	6798
5	6799
146	6800
7	6801
408	6802
9	6803
60	6804
404	6805
292	6806
4	6807
60	6808
67	6809
3	6810
3	6811
96	6812
83	6813
275	6814
13	6815
24	6816
20	6817
194	6818
112	6819
6	6820
11	6821
30	6822
12	6823
2	6824
4	6825
16	6826
11	6827
394	6828
34	6829
56	6830
1	6831
110	6832
32	6833
36	6834
268	6835
3	6836
225	6837
16	6838
4	6839
24	6840
60	6841
13	6842
56	6843
33	6844
1	6845
2	6846
47	6847
340	6848
3	6849
25	6850
3	6851
32	6852
162	6853
26	6854
82	6855
76	6856
2	6857
62	6858
19	6859
22	6860
179	6861
141	6862
46	6863
113	6864
12	6865
117	6866
14	6867
125	6868
3	6869
17	6870
13	6871
10	6872
18	6873
4	6874
44	6875
4	6876
18	6877
18	6878
243	6879
34	6880
74	6881
41	6882
13	6883
18	6884
5	6885
4	6886
64	6887
285	6888
2	6889
30	6890
109	6891
1	6892
183	6893
55	6894
85	6895
2	6896
60	6897
152	6898
27	6899
365	6900
2	6901
45	6902
39	6903
13	6904
231	6905
11	6906
116	6907
152	6908
2	6909
315	6910
13	6911
1	6912
23	6913
11	6914
38	6915
22	6916
203	6917
1	6918
61	6919
1	6920
169	6921
35	6922
91	6923
97	6924
77	6925
1	6926
15	6927
4	6928
32	6929
2	6930
3	6931
77	6932
8	6933
45	6934
4	6935
15	6936
62	6937
208	6938
65	6939
17	6940
277	6941
5	6942
87	6943
58	6944
176	6945
4	6946
150	6947
48	6948
53	6949
53	6950
47	6951
84	6952
15	6953
108	6954
1	6955
37	6956
42	6957
8	6958
33	6959
3	6960
30	6961
7	6962
11	6963
193	6964
13	6965
23	6966
245	6967
205	6968
107	6969
3	6970
1	6971
4	6972
28	6973
130	6974
55	6975
227	6976
78	6977
7	6978
166	6979
27	6980
2	6981
3	6982
90	6983
15	6984
129	6985
49	6986
82	6987
138	6988
144	6989
26	6990
41	6991
14	6992
27	6993
27	6994
476	6995
21	6996
30	6997
30	6998
182	6999
82	7000
55	7001
51	7002
22	7003
23	7004
9	7005
9	7006
28	7007
14	7008
15	7009
25	7010
16	7011
5	7012
50	7013
7	7014
94	7015
6	7016
152	7017
13	7018
4	7019
9	7020
222	7021
2	7022
363	7023
81	7024
5	7025
8	7026
350	7027
260	7028
5	7029
189	7030
2	7031
304	7032
94	7033
6	7034
263	7035
205	7036
84	7037
4	7038
7	7039
21	7040
77	7041
234	7042
179	7043
13	7044
1	7045
5	7046
4	7047
77	7048
71	7049
1	7050
411	7051
19	7052
44	7053
1	7054
94	7055
19	7056
62	7057
25	7058
2	7059
103	7060
19	7061
2	7062
6	7063
204	7064
41	7065
189	7066
3	7067
60	7068
9	7069
167	7070
92	7071
1	7072
53	7073
33	7074
65	7075
51	7076
231	7077
10	7078
75	7079
19	7080
17	7081
90	7082
40	7083
25	7084
62	7085
3	7086
20	7087
5	7088
34	7089
69	7090
25	7091
6	7092
14	7093
24	7094
34	7095
16	7096
6	7097
72	7098
6	7099
35	7100
79	7101
223	7102
11	7103
36	7104
5	7105
16	7106
1	7107
195	7108
203	7109
29	7110
53	7111
185	7112
34	7113
328	7114
149	7115
6	7116
314	7117
31	7118
382	7119
5	7120
62	7121
509	7122
80	7123
2	7124
79	7125
3	7126
13	7127
24	7128
108	7129
9	7130
19	7131
307	7132
2	7133
58	7134
18	7135
11	7136
80	7137
2	7138
58	7139
111	7140
7	7141
2	7142
32	7143
356	7144
4	7145
106	7146
17	7147
43	7148
7	7149
7	7150
139	7151
280	7152
1	7153
3	7154
24	7155
237	7156
48	7157
5	7158
138	7159
118	7160
22	7161
6	7162
46	7163
5	7164
67	7165
22	7166
98	7167
78	7168
84	7169
44	7170
209	7171
8	7172
2	7173
356	7174
15	7175
2	7176
70	7177
6	7178
63	7179
26	7180
242	7181
75	7182
132	7183
50	7184
10	7185
82	7186
49	7187
542	7188
140	7189
35	7190
26	7191
1	7192
7	7193
1	7194
49	7195
3	7196
1	7197
96	7198
18	7199
120	7200
61	7201
109	7202
23	7203
105	7204
12	7205
436	7206
78	7207
1	7208
1	7209
53	7210
102	7211
1	7212
12	7213
229	7214
122	7215
9	7216
39	7217
46	7218
6	7219
18	7220
214	7221
31	7222
34	7223
14	7224
43	7225
1	7226
211	7227
29	7228
32	7229
40	7230
74	7231
5	7232
1	7233
16	7234
43	7235
93	7236
68	7237
16	7238
59	7239
40	7240
1	7241
26	7242
5	7243
4	7244
11	7245
8	7246
15	7247
235	7248
61	7249
21	7250
416	7251
1	7252
256	7253
5	7254
4	7255
18	7256
40	7257
29	7258
1	7259
28	7260
3	7261
35	7262
7	7263
4	7264
9	7265
80	7266
17	7267
78	7268
20	7269
137	7270
90	7271
407	7272
85	7273
11	7274
1	7275
21	7276
173	7277
17	7278
86	7279
91	7280
7	7281
278	7282
23	7283
142	7284
1	7285
95	7286
10	7287
86	7288
107	7289
55	7290
24	7291
3	7292
2	7293
12	7294
15	7295
61	7296
279	7297
106	7298
3	7299
22	7300
282	7301
101	7302
208	7303
131	7304
61	7305
69	7306
146	7307
50	7308
36	7309
21	7310
7	7311
21	7312
2	7313
60	7314
5	7315
192	7316
9	7317
5	7318
9	7319
2	7320
363	7321
130	7322
1	7323
6	7324
2	7325
237	7326
53	7327
7	7328
76	7329
27	7330
11	7331
32	7332
6	7333
6	7334
46	7335
87	7336
11	7337
137	7338
1	7339
3	7340
12	7341
9	7342
12	7343
4	7344
7	7345
21	7346
140	7347
75	7348
25	7349
2	7350
90	7351
266	7352
48	7353
22	7354
81	7355
82	7356
170	7357
12	7358
33	7359
81	7360
18	7361
1	7362
324	7363
111	7364
5	7365
10	7366
3	7367
1	7368
95	7369
97	7370
1	7371
2	7372
20	7373
6	7374
67	7375
2	7376
160	7377
252	7378
16	7379
416	7380
35	7381
313	7382
242	7383
88	7384
32	7385
128	7386
41	7387
23	7388
38	7389
26	7390
11	7391
26	7392
3	7393
4	7394
1	7395
16	7396
27	7397
123	7398
72	7399
9	7400
11	7401
245	7402
4	7403
7	7404
11	7405
72	7406
1	7407
5	7408
207	7409
5	7410
19	7411
27	7412
121	7413
34	7414
441	7415
415	7416
422	7417
39	7418
41	7419
40	7420
120	7421
67	7422
137	7423
35	7424
133	7425
426	7426
83	7427
4	7428
1	7429
202	7430
32	7431
267	7432
15	7433
216	7434
3	7435
2	7436
23	7437
7	7438
84	7439
142	7440
1	7441
86	7442
82	7443
21	7444
7	7445
33	7446
19	7447
49	7448
21	7449
241	7450
121	7451
19	7452
124	7453
125	7454
2	7455
166	7456
3	7457
6	7458
42	7459
3	7460
3	7461
4	7462
39	7463
2	7464
87	7465
29	7466
139	7467
1	7468
136	7469
77	7470
13	7471
352	7472
61	7473
29	7474
47	7475
111	7476
72	7477
13	7478
46	7479
1	7480
271	7481
65	7482
56	7483
61	7484
18	7485
3	7486
7	7487
112	7488
6	7489
11	7490
11	7491
116	7492
222	7493
105	7494
143	7495
283	7496
21	7497
478	7498
263	7499
222	7500
97	7501
32	7502
272	7503
19	7504
158	7505
6	7506
67	7507
7	7508
450	7509
156	7510
18	7511
1	7512
27	7513
21	7514
239	7515
7	7516
54	7517
10	7518
91	7519
115	7520
20	7521
45	7522
11	7523
34	7524
1	7525
32	7526
19	7527
147	7528
16	7529
5	7530
51	7531
222	7532
37	7533
76	7534
1	7535
49	7536
160	7537
36	7538
14	7539
433	7540
419	7541
113	7542
8	7543
43	7544
1	7545
24	7546
10	7547
7	7548
42	7549
2	7550
105	7551
10	7552
1	7553
315	7554
126	7555
27	7556
135	7557
10	7558
116	7559
44	7560
2	7561
85	7562
7	7563
31	7564
100	7565
187	7566
14	7567
13	7568
221	7569
1	7570
4	7571
23	7572
91	7573
238	7574
23	7575
186	7576
174	7577
99	7578
2	7579
92	7580
210	7581
34	7582
40	7583
21	7584
64	7585
30	7586
66	7587
25	7588
17	7589
1	7590
172	7591
294	7592
61	7593
1	7594
72	7595
25	7596
15	7597
69	7598
22	7599
19	7600
16	7601
3	7602
136	7603
4	7604
24	7605
2	7606
521	7607
12	7608
18	7609
377	7610
3	7611
20	7612
296	7613
2	7614
1	7615
6	7616
33	7617
109	7618
58	7619
41	7620
30	7621
250	7622
86	7623
62	7624
1	7625
43	7626
34	7627
72	7628
111	7629
2	7630
611	7631
120	7632
42	7633
5	7634
119	7635
24	7636
15	7637
132	7638
26	7639
1	7640
16	7641
99	7642
78	7643
5	7644
10	7645
10	7646
300	7647
26	7648
40	7649
4	7650
148	7651
53	7652
148	7653
15	7654
71	7655
44	7656
11	7657
65	7658
13	7659
190	7660
121	7661
1	7662
315	7663
15	7664
62	7665
70	7666
46	7667
47	7668
1	7669
2	7670
47	7671
66	7672
4	7673
405	7674
11	7675
134	7676
9	7677
41	7678
58	7679
434	7680
6	7681
22	7682
25	7683
121	7684
9	7685
112	7686
75	7687
28	7688
112	7689
121	7690
231	7691
27	7692
6	7693
4	7694
21	7695
25	7696
30	7697
19	7698
128	7699
24	7700
4	7701
209	7702
66	7703
185	7704
2	7705
176	7706
3	7707
5	7708
259	7709
58	7710
40	7711
2	7712
67	7713
1	7714
210	7715
12	7716
25	7717
1	7718
7	7719
6	7720
29	7721
102	7722
12	7723
176	7724
469	7725
277	7726
34	7727
63	7728
69	7729
7	7730
115	7731
50	7732
65	7733
6	7734
32	7735
108	7736
15	7737
158	7738
4	7739
29	7740
6	7741
83	7742
44	7743
1	7744
17	7745
3	7746
451	7747
19	7748
86	7749
1	7750
262	7751
33	7752
64	7753
6	7754
28	7755
3	7756
203	7757
99	7758
65	7759
1	7760
66	7761
45	7762
1	7763
25	7764
35	7765
169	7766
8	7767
46	7768
44	7769
155	7770
16	7771
15	7772
4	7773
239	7774
7	7775
100	7776
104	7777
7	7778
21	7779
11	7780
20	7781
114	7782
12	7783
201	7784
28	7785
48	7786
115	7787
5	7788
2	7789
3	7790
4	7791
43	7792
1	7793
8	7794
13	7795
17	7796
63	7797
18	7798
59	7799
16	7800
367	7801
82	7802
86	7803
3	7804
13	7805
96	7806
290	7807
17	7808
7	7809
293	7810
3	7811
8	7812
2	7813
3	7814
1	7815
4	7816
332	7817
122	7818
59	7819
7	7820
18	7821
78	7822
470	7823
16	7824
346	7825
72	7826
58	7827
59	7828
431	7829
280	7830
164	7831
132	7832
54	7833
303	7834
83	7835
151	7836
43	7837
1	7838
3	7839
10	7840
9	7841
48	7842
5	7843
7	7844
47	7845
5	7846
57	7847
4	7848
16	7849
105	7850
127	7851
16	7852
110	7853
41	7854
57	7855
57	7856
63	7857
3	7858
61	7859
189	7860
6	7861
91	7862
5	7863
17	7864
400	7865
1	7866
61	7867
1	7868
321	7869
33	7870
124	7871
212	7872
43	7873
5	7874
20	7875
3	7876
7	7877
306	7878
1	7879
99	7880
140	7881
27	7882
12	7883
531	7884
29	7885
55	7886
52	7887
8	7888
7	7889
1	7890
86	7891
7	7892
66	7893
42	7894
128	7895
47	7896
33	7897
59	7898
26	7899
99	7900
19	7901
49	7902
6	7903
36	7904
452	7905
73	7906
18	7907
55	7908
3	7909
14	7910
45	7911
427	7912
435	7913
41	7914
104	7915
314	7916
57	7917
15	7918
1	7919
21	7920
42	7921
155	7922
95	7923
7	7924
32	7925
11	7926
39	7927
16	7928
3	7929
46	7930
236	7931
160	7932
11	7933
55	7934
30	7935
40	7936
2	7937
182	7938
3	7939
25	7940
41	7941
15	7942
24	7943
48	7944
25	7945
30	7946
201	7947
3	7948
55	7949
19	7950
82	7951
7	7952
47	7953
75	7954
28	7955
38	7956
4	7957
519	7958
6	7959
65	7960
25	7961
22	7962
54	7963
35	7964
11	7965
21	7966
63	7967
48	7968
20	7969
42	7970
332	7971
608	7972
11	7973
55	7974
1	7975
39	7976
14	7977
9	7978
68	7979
7	7980
265	7981
92	7982
65	7983
54	7984
7	7985
5	7986
274	7987
12	7988
103	7989
21	7990
68	7991
11	7992
160	7993
3	7994
85	7995
216	7996
2	7997
53	7998
3	7999
53	8000
2	8001
550	8002
68	8003
34	8004
41	8005
4	8006
44	8007
18	8008
364	8009
10	8010
44	8011
155	8012
24	8013
8	8014
34	8015
134	8016
10	8017
1	8018
4	8019
12	8020
16	8021
4	8022
27	8023
27	8024
286	8025
88	8026
7	8027
492	8028
12	8029
36	8030
64	8031
22	8032
2	8033
42	8034
17	8035
5	8036
80	8037
75	8038
55	8039
79	8040
52	8041
43	8042
7	8043
2	8044
92	8045
115	8046
153	8047
178	8048
121	8049
4	8050
3	8051
87	8052
24	8053
8	8054
302	8055
7	8056
3	8057
14	8058
31	8059
36	8060
215	8061
5	8062
11	8063
182	8064
70	8065
251	8066
304	8067
83	8068
2	8069
555	8070
273	8071
310	8072
30	8073
14	8074
1	8075
21	8076
20	8077
6	8078
16	8079
113	8080
36	8081
59	8082
53	8083
13	8084
2	8085
557	8086
3	8087
7	8088
3	8089
66	8090
426	8091
91	8092
56	8093
1	8094
36	8095
2	8096
64	8097
1	8098
84	8099
108	8100
123	8101
52	8102
69	8103
431	8104
4	8105
149	8106
8	8107
6	8108
4	8109
39	8110
56	8111
1	8112
33	8113
184	8114
2	8115
7	8116
33	8117
548	8118
16	8119
27	8120
99	8121
18	8122
3	8123
3	8124
67	8125
481	8126
281	8127
111	8128
12	8129
24	8130
31	8131
4	8132
42	8133
46	8134
40	8135
340	8136
32	8137
3	8138
54	8139
2	8140
18	8141
131	8142
18	8143
1	8144
9	8145
162	8146
4	8147
1	8148
5	8149
204	8150
44	8151
10	8152
77	8153
5	8154
33	8155
37	8156
21	8157
617	8158
1	8159
28	8160
114	8161
3	8162
293	8163
28	8164
11	8165
329	8166
4	8167
27	8168
139	8169
108	8170
3	8171
9	8172
132	8173
23	8174
6	8175
4	8176
1	8177
49	8178
418	8179
75	8180
101	8181
100	8182
26	8183
32	8184
7	8185
175	8186
177	8187
305	8188
5	8189
12	8190
5	8191
62	8192
5	8193
40	8194
17	8195
43	8196
167	8197
8	8198
1	8199
1	8200
13	8201
5	8202
25	8203
586	8204
1	8205
13	8206
1	8207
189	8208
112	8209
2	8210
19	8211
12	8212
84	8213
14	8214
1	8215
159	8216
98	8217
248	8218
42	8219
3	8220
424	8221
31	8222
7	8223
4	8224
200	8225
20	8226
175	8227
138	8228
104	8229
33	8230
101	8231
74	8232
172	8233
37	8234
42	8235
53	8236
48	8237
90	8238
49	8239
376	8240
167	8241
17	8242
40	8243
42	8244
260	8245
3	8246
147	8247
102	8248
6	8249
165	8250
209	8251
7	8252
29	8253
23	8254
22	8255
34	8256
52	8257
30	8258
381	8259
1	8260
3	8261
104	8262
210	8263
140	8264
8	8265
10	8266
73	8267
11	8268
291	8269
3	8270
40	8271
107	8272
39	8273
2	8274
1	8275
43	8276
105	8277
137	8278
186	8279
247	8280
513	8281
1	8282
78	8283
2	8284
258	8285
40	8286
89	8287
26	8288
261	8289
6	8290
57	8291
19	8292
8	8293
578	8294
226	8295
30	8296
110	8297
2	8298
86	8299
12	8300
127	8301
49	8302
1	8303
109	8304
101	8305
264	8306
604	8307
13	8308
15	8309
139	8310
3	8311
6	8312
13	8313
33	8314
162	8315
10	8316
10	8317
25	8318
5	8319
16	8320
81	8321
188	8322
39	8323
32	8324
49	8325
64	8326
1	8327
2	8328
2	8329
61	8330
4	8331
1	8332
6	8333
196	8334
3	8335
16	8336
8	8337
28	8338
60	8339
29	8340
23	8341
103	8342
56	8343
66	8344
40	8345
12	8346
12	8347
29	8348
30	8349
16	8350
124	8351
15	8352
22	8353
103	8354
8	8355
66	8356
21	8357
16	8358
55	8359
20	8360
305	8361
53	8362
114	8363
46	8364
23	8365
30	8366
25	8367
284	8368
184	8369
307	8370
11	8371
134	8372
161	8373
1	8374
9	8375
9	8376
64	8377
2	8378
42	8379
4	8380
2	8381
29	8382
17	8383
17	8384
1	8385
329	8386
10	8387
6	8388
2	8389
66	8390
40	8391
16	8392
17	8393
84	8394
4	8395
1	8396
19	8397
5	8398
27	8399
318	8400
231	8401
1	8402
79	8403
203	8404
16	8405
47	8406
189	8407
12	8408
2	8409
18	8410
43	8411
5	8412
12	8413
2	8414
388	8415
9	8416
15	8417
221	8418
14	8419
196	8420
508	8421
267	8422
48	8423
2	8424
4	8425
23	8426
38	8427
40	8428
95	8429
308	8430
12	8431
28	8432
133	8433
54	8434
252	8435
5	8436
22	8437
43	8438
19	8439
4	8440
22	8441
14	8442
3	8443
10	8444
14	8445
19	8446
3	8447
43	8448
1	8449
86	8450
9	8451
113	8452
22	8453
31	8454
346	8455
174	8456
353	8457
34	8458
68	8459
2	8460
41	8461
302	8462
129	8463
46	8464
13	8465
103	8466
24	8467
1	8468
50	8469
70	8470
65	8471
37	8472
3	8473
1	8474
7	8475
61	8476
1	8477
19	8478
151	8479
79	8480
7	8481
95	8482
27	8483
23	8484
56	8485
10	8486
23	8487
57	8488
30	8489
10	8490
11	8491
4	8492
112	8493
83	8494
47	8495
2	8496
2	8497
150	8498
2	8499
1	8500
11	8501
496	8502
2	8503
49	8504
56	8505
50	8506
253	8507
70	8508
31	8509
5	8510
81	8511
137	8512
40	8513
6	8514
27	8515
42	8516
25	8517
95	8518
202	8519
7	8520
12	8521
27	8522
46	8523
129	8524
26	8525
37	8526
23	8527
24	8528
88	8529
54	8530
32	8531
116	8532
13	8533
4	8534
162	8535
615	8536
5	8537
44	8538
311	8539
77	8540
1	8541
1	8542
35	8543
373	8544
561	8545
4	8546
150	8547
15	8548
110	8549
3	8550
277	8551
221	8552
44	8553
2	8554
126	8555
54	8556
40	8557
252	8558
38	8559
16	8560
32	8561
552	8562
4	8563
55	8564
15	8565
308	8566
2	8567
57	8568
26	8569
1	8570
2	8571
3	8572
102	8573
59	8574
53	8575
255	8576
13	8577
48	8578
10	8579
130	8580
154	8581
19	8582
86	8583
27	8584
45	8585
28	8586
190	8587
2	8588
33	8589
324	8590
49	8591
524	8592
380	8593
105	8594
16	8595
214	8596
23	8597
14	8598
6	8599
38	8600
27	8601
171	8602
16	8603
39	8604
7	8605
159	8606
18	8607
133	8608
16	8609
9	8610
27	8611
72	8612
23	8613
45	8614
2	8615
1	8616
50	8617
81	8618
8	8619
12	8620
3	8621
23	8622
17	8623
36	8624
42	8625
175	8626
99	8627
577	8628
244	8629
5	8630
7	8631
11	8632
4	8633
134	8634
13	8635
90	8636
92	8637
1	8638
2	8639
5	8640
64	8641
57	8642
16	8643
142	8644
12	8645
64	8646
16	8647
107	8648
30	8649
44	8650
54	8651
388	8652
5	8653
6	8654
2	8655
1	8656
244	8657
65	8658
51	8659
11	8660
260	8661
6	8662
19	8663
14	8664
5	8665
38	8666
85	8667
103	8668
5	8669
43	8670
3	8671
163	8672
1	8673
3	8674
4	8675
69	8676
8	8677
3	8678
110	8679
4	8680
194	8681
2	8682
6	8683
5	8684
20	8685
30	8686
24	8687
189	8688
4	8689
169	8690
348	8691
6	8692
249	8693
77	8694
122	8695
7	8696
1	8697
76	8698
93	8699
427	8700
82	8701
51	8702
23	8703
25	8704
72	8705
4	8706
139	8707
183	8708
421	8709
372	8710
98	8711
66	8712
13	8713
125	8714
5	8715
5	8716
101	8717
22	8718
1	8719
31	8720
33	8721
163	8722
7	8723
55	8724
31	8725
130	8726
16	8727
192	8728
72	8729
1	8730
126	8731
78	8732
47	8733
69	8734
3	8735
8	8736
184	8737
65	8738
27	8739
1	8740
45	8741
170	8742
62	8743
11	8744
88	8745
19	8746
5	8747
9	8748
12	8749
359	8750
64	8751
12	8752
11	8753
32	8754
197	8755
127	8756
11	8757
4	8758
166	8759
3	8760
2	8761
1	8762
40	8763
155	8764
2	8765
3	8766
31	8767
31	8768
6	8769
3	8770
23	8771
12	8772
32	8773
6	8774
240	8775
74	8776
73	8777
139	8778
20	8779
4	8780
3	8781
18	8782
371	8783
16	8784
220	8785
19	8786
1	8787
2	8788
3	8789
171	8790
1	8791
6	8792
7	8793
9	8794
51	8795
33	8796
105	8797
61	8798
96	8799
328	8800
6	8801
72	8802
29	8803
56	8804
228	8805
8	8806
41	8807
112	8808
28	8809
61	8810
4	8811
4	8812
34	8813
31	8814
274	8815
40	8816
5	8817
261	8818
64	8819
100	8820
102	8821
11	8822
121	8823
29	8824
71	8825
86	8826
22	8827
89	8828
17	8829
17	8830
252	8831
27	8832
41	8833
2	8834
396	8835
543	8836
2	8837
387	8838
209	8839
1	8840
110	8841
55	8842
133	8843
2	8844
14	8845
6	8846
238	8847
2	8848
314	8849
46	8850
118	8851
115	8852
228	8853
6	8854
8	8855
11	8856
291	8857
33	8858
71	8859
15	8860
3	8861
45	8862
106	8863
44	8864
59	8865
30	8866
139	8867
59	8868
5	8869
43	8870
434	8871
3	8872
42	8873
64	8874
94	8875
1	8876
38	8877
72	8878
7	8879
199	8880
81	8881
389	8882
3	8883
1	8884
77	8885
67	8886
34	8887
21	8888
100	8889
9	8890
36	8891
5	8892
23	8893
391	8894
1	8895
17	8896
214	8897
242	8898
74	8899
28	8900
178	8901
3	8902
2	8903
29	8904
26	8905
75	8906
2	8907
18	8908
281	8909
1	8910
36	8911
2	8912
590	8913
13	8914
48	8915
2	8916
1	8917
31	8918
3	8919
13	8920
12	8921
119	8922
4	8923
21	8924
210	8925
9	8926
5	8927
144	8928
20	8929
88	8930
1	8931
199	8932
258	8933
7	8934
45	8935
2	8936
5	8937
5	8938
8	8939
144	8940
22	8941
24	8942
8	8943
286	8944
7	8945
1	8946
18	8947
8	8948
46	8949
237	8950
11	8951
3	8952
23	8953
3	8954
103	8955
2	8956
45	8957
93	8958
215	8959
228	8960
3	8961
7	8962
1	8963
27	8964
61	8965
3	8966
3	8967
220	8968
311	8969
59	8970
1	8971
111	8972
39	8973
55	8974
70	8975
3	8976
22	8977
58	8978
39	8979
592	8980
48	8981
20	8982
148	8983
38	8984
154	8985
12	8986
98	8987
5	8988
22	8989
47	8990
1	8991
20	8992
41	8993
133	8994
205	8995
3	8996
71	8997
20	8998
2	8999
138	9000
38	9001
27	9002
26	9003
1	9004
181	9005
2	9006
1	9007
1	9008
10	9009
13	9010
6	9011
18	9012
226	9013
7	9014
7	9015
27	9016
2	9017
35	9018
26	9019
4	9020
161	9021
164	9022
16	9023
102	9024
146	9025
82	9026
7	9027
136	9028
20	9029
22	9030
5	9031
76	9032
15	9033
15	9034
126	9035
3	9036
533	9037
23	9038
500	9039
1	9040
1	9041
25	9042
10	9043
212	9044
67	9045
33	9046
133	9047
40	9048
111	9049
9	9050
372	9051
6	9052
6	9053
2	9054
429	9055
26	9056
147	9057
8	9058
177	9059
86	9060
53	9061
45	9062
1	9063
480	9064
185	9065
8	9066
41	9067
12	9068
61	9069
60	9070
33	9071
1	9072
43	9073
269	9074
57	9075
22	9076
1	9077
366	9078
397	9079
6	9080
1	9081
61	9082
1	9083
27	9084
93	9085
35	9086
21	9087
244	9088
92	9089
285	9090
58	9091
19	9092
118	9093
2	9094
8	9095
102	9096
9	9097
11	9098
26	9099
2	9100
236	9101
540	9102
11	9103
160	9104
58	9105
77	9106
35	9107
9	9108
61	9109
57	9110
43	9111
45	9112
24	9113
111	9114
4	9115
225	9116
93	9117
22	9118
292	9119
13	9120
110	9121
261	9122
134	9123
33	9124
158	9125
132	9126
5	9127
310	9128
3	9129
57	9130
34	9131
61	9132
90	9133
39	9134
139	9135
70	9136
51	9137
39	9138
9	9139
1	9140
119	9141
1	9142
65	9143
45	9144
50	9145
16	9146
443	9147
276	9148
8	9149
24	9150
7	9151
275	9152
6	9153
161	9154
28	9155
98	9156
66	9157
11	9158
72	9159
105	9160
49	9161
12	9162
55	9163
1	9164
11	9165
25	9166
187	9167
273	9168
63	9169
66	9170
7	9171
79	9172
219	9173
8	9174
202	9175
5	9176
4	9177
51	9178
16	9179
111	9180
1	9181
112	9182
27	9183
114	9184
1	9185
67	9186
1	9187
2	9188
57	9189
157	9190
96	9191
3	9192
128	9193
7	9194
41	9195
54	9196
1	9197
53	9198
5	9199
76	9200
104	9201
5	9202
3	9203
17	9204
156	9205
1	9206
111	9207
120	9208
47	9209
47	9210
80	9211
21	9212
12	9213
66	9214
4	9215
8	9216
251	9217
41	9218
98	9219
44	9220
350	9221
18	9222
222	9223
25	9224
31	9225
398	9226
22	9227
201	9228
15	9229
119	9230
35	9231
164	9232
74	9233
61	9234
275	9235
98	9236
4	9237
6	9238
123	9239
28	9240
3	9241
301	9242
2	9243
77	9244
14	9245
17	9246
90	9247
2	9248
13	9249
3	9250
126	9251
34	9252
19	9253
33	9254
70	9255
14	9256
1	9257
161	9258
246	9259
20	9260
69	9261
4	9262
318	9263
206	9264
33	9265
299	9266
47	9267
156	9268
6	9269
48	9270
48	9271
25	9272
59	9273
55	9274
135	9275
3	9276
12	9277
3	9278
35	9279
6	9280
7	9281
217	9282
7	9283
37	9284
56	9285
78	9286
215	9287
1	9288
18	9289
17	9290
1	9291
3	9292
382	9293
101	9294
29	9295
82	9296
3	9297
250	9298
13	9299
16	9300
8	9301
103	9302
2	9303
88	9304
5	9305
7	9306
2	9307
7	9308
125	9309
63	9310
46	9311
68	9312
34	9313
229	9314
538	9315
10	9316
1	9317
25	9318
56	9319
2	9320
2	9321
32	9322
30	9323
43	9324
3	9325
4	9326
2	9327
151	9328
32	9329
2	9330
35	9331
102	9332
91	9333
3	9334
20	9335
16	9336
111	9337
51	9338
73	9339
68	9340
1	9341
21	9342
58	9343
265	9344
2	9345
28	9346
270	9347
126	9348
116	9349
114	9350
39	9351
5	9352
14	9353
36	9354
59	9355
2	9356
22	9357
64	9358
26	9359
15	9360
232	9361
76	9362
10	9363
486	9364
14	9365
64	9366
104	9367
13	9368
62	9369
166	9370
66	9371
11	9372
78	9373
129	9374
52	9375
446	9376
113	9377
37	9378
38	9379
20	9380
14	9381
2	9382
20	9383
24	9384
109	9385
119	9386
366	9387
6	9388
12	9389
221	9390
11	9391
27	9392
48	9393
122	9394
59	9395
19	9396
79	9397
84	9398
67	9399
44	9400
20	9401
65	9402
43	9403
10	9404
114	9405
13	9406
17	9407
17	9408
73	9409
29	9410
116	9411
20	9412
1	9413
60	9414
39	9415
94	9416
273	9417
10	9418
124	9419
20	9420
13	9421
6	9422
309	9423
19	9424
20	9425
72	9426
599	9427
147	9428
50	9429
16	9430
114	9431
33	9432
24	9433
32	9434
8	9435
16	9436
51	9437
14	9438
243	9439
16	9440
112	9441
18	9442
348	9443
53	9444
123	9445
140	9446
165	9447
7	9448
107	9449
106	9450
161	9451
246	9452
168	9453
1	9454
42	9455
37	9456
3	9457
78	9458
32	9459
5	9460
208	9461
323	9462
4	9463
12	9464
76	9465
11	9466
50	9467
28	9468
226	9469
15	9470
334	9471
106	9472
7	9473
14	9474
142	9475
1	9476
173	9477
10	9478
81	9479
23	9480
7	9481
29	9482
120	9483
568	9484
29	9485
16	9486
257	9487
91	9488
28	9489
68	9490
11	9491
4	9492
10	9493
13	9494
8	9495
6	9496
1	9497
7	9498
92	9499
1	9500
109	9501
16	9502
306	9503
117	9504
18	9505
213	9506
19	9507
38	9508
8	9509
3	9510
5	9511
1	9512
25	9513
1	9514
37	9515
100	9516
2	9517
68	9518
46	9519
197	9520
11	9521
4	9522
51	9523
1	9524
74	9525
6	9526
30	9527
19	9528
1	9529
4	9530
196	9531
13	9532
1	9533
1	9534
8	9535
24	9536
56	9537
18	9538
21	9539
3	9540
68	9541
26	9542
1	9543
1	9544
38	9545
23	9546
2	9547
72	9548
1	9549
95	9550
106	9551
18	9552
7	9553
41	9554
20	9555
1	9556
5	9557
196	9558
2	9559
280	9560
8	9561
1	9562
17	9563
2	9564
6	9565
31	9566
74	9567
38	9568
13	9569
379	9570
286	9571
153	9572
160	9573
9	9574
35	9575
3	9576
60	9577
1	9578
54	9579
1	9580
20	9581
138	9582
37	9583
31	9584
84	9585
179	9586
74	9587
1	9588
46	9589
37	9590
33	9591
3	9592
235	9593
282	9594
423	9595
102	9596
30	9597
20	9598
24	9599
211	9600
1	9601
4	9602
4	9603
75	9604
22	9605
31	9606
12	9607
362	9608
4	9609
1	9610
49	9611
78	9612
16	9613
269	9614
3	9615
104	9616
456	9617
128	9618
71	9619
6	9620
33	9621
37	9622
82	9623
36	9624
77	9625
146	9626
29	9627
1	9628
144	9629
2	9630
31	9631
38	9632
89	9633
2	9634
6	9635
5	9636
225	9637
17	9638
1	9639
58	9640
15	9641
504	9642
215	9643
130	9644
156	9645
8	9646
190	9647
65	9648
65	9649
117	9650
2	9651
46	9652
110	9653
2	9654
8	9655
77	9656
83	9657
4	9658
2	9659
22	9660
45	9661
29	9662
347	9663
76	9664
18	9665
2	9666
9	9667
7	9668
146	9669
84	9670
267	9671
207	9672
6	9673
12	9674
34	9675
182	9676
45	9677
10	9678
45	9679
198	9680
24	9681
294	9682
8	9683
34	9684
51	9685
4	9686
80	9687
55	9688
19	9689
8	9690
109	9691
39	9692
4	9693
57	9694
117	9695
93	9696
37	9697
16	9698
123	9699
24	9700
24	9701
11	9702
200	9703
29	9704
13	9705
1	9706
3	9707
154	9708
1	9709
3	9710
1	9711
14	9712
5	9713
214	9714
4	9715
1	9716
152	9717
19	9718
6	9719
33	9720
78	9721
10	9722
84	9723
31	9724
3	9725
5	9726
2	9727
35	9728
6	9729
22	9730
11	9731
100	9732
57	9733
35	9734
89	9735
4	9736
192	9737
3	9738
56	9739
62	9740
12	9741
9	9742
13	9743
41	9744
113	9745
32	9746
92	9747
182	9748
4	9749
113	9750
4	9751
123	9752
24	9753
25	9754
93	9755
272	9756
9	9757
131	9758
6	9759
52	9760
8	9761
44	9762
147	9763
4	9764
3	9765
9	9766
151	9767
37	9768
46	9769
587	9770
4	9771
8	9772
511	9773
57	9774
4	9775
50	9776
6	9777
75	9778
131	9779
3	9780
63	9781
45	9782
7	9783
63	9784
9	9785
304	9786
6	9787
16	9788
36	9789
32	9790
1	9791
12	9792
109	9793
13	9794
184	9795
20	9796
5	9797
41	9798
27	9799
148	9800
18	9801
216	9802
122	9803
10	9804
34	9805
4	9806
157	9807
196	9808
2	9809
272	9810
59	9811
66	9812
14	9813
57	9814
55	9815
20	9816
30	9817
52	9818
84	9819
3	9820
120	9821
18	9822
7	9823
114	9824
7	9825
1	9826
1	9827
267	9828
56	9829
45	9830
9	9831
6	9832
14	9833
109	9834
413	9835
14	9836
205	9837
27	9838
9	9839
12	9840
31	9841
32	9842
12	9843
81	9844
230	9845
2	9846
93	9847
5	9848
77	9849
68	9850
33	9851
17	9852
3	9853
19	9854
69	9855
9	9856
50	9857
31	9858
156	9859
9	9860
31	9861
15	9862
99	9863
96	9864
37	9865
11	9866
23	9867
26	9868
9	9869
90	9870
2	9871
156	9872
8	9873
2	9874
25	9875
3	9876
106	9877
70	9878
61	9879
14	9880
85	9881
33	9882
284	9883
3	9884
162	9885
96	9886
59	9887
5	9888
44	9889
21	9890
17	9891
23	9892
13	9893
34	9894
27	9895
130	9896
71	9897
4	9898
338	9899
7	9900
143	9901
399	9902
64	9903
11	9904
166	9905
384	9906
124	9907
44	9908
26	9909
43	9910
82	9911
25	9912
126	9913
3	9914
6	9915
97	9916
37	9917
12	9918
10	9919
421	9920
67	9921
213	9922
127	9923
22	9924
27	9925
2	9926
154	9927
130	9928
172	9929
88	9930
1	9931
428	9932
6	9933
3	9934
8	9935
81	9936
55	9937
48	9938
163	9939
15	9940
37	9941
54	9942
4	9943
32	9944
45	9945
15	9946
22	9947
1	9948
4	9949
41	9950
56	9951
8	9952
179	9953
6	9954
40	9955
298	9956
80	9957
19	9958
15	9959
30	9960
6	9961
128	9962
40	9963
55	9964
1	9965
7	9966
124	9967
190	9968
23	9969
327	9970
10	9971
7	9972
1	9973
101	9974
3	9975
24	9976
2	9977
9	9978
1	9979
79	9980
61	9981
4	9982
97	9983
180	9984
201	9985
17	9986
56	9987
8	9988
176	9989
240	9990
42	9991
37	9992
12	9993
6	9994
243	9995
3	9996
37	9997
151	9998
24	9999
131	10000
